[1, 0, 0, 14, 31, -70, 14, 0, -76, 9, -51, 33, -72, 1, 76, -51, 33, 84, 104, 105, 115, 32, 112, 114, 111, 103, 114, 97, 109, 32, 99, 97, 110, 110, 111, 116, 32, 98, 101, 32, 114, 117, 110, 32, 105, 110, 32, 68, 79, 83, 32, 109, 111, 100, 101, 46, 13, 13, 10, 36, 0, 0, 0, 0, 0, 0, 0]
[77, 90, -112, 0, 3, 0, 0, 0, 4, 0, 0, 0, -1, -1, 0, 0, -72, 0, 0, 0, 0, 0, 0, 0, 64, 0, 0, 0, 0, 0, 0, 0, 0, 0, 0, 0, 0, 0, 0, 0, 0, 0, 0, 0, 0, 0, 0, 0, 0, 0, 0, 0, 0, 0, 0, 0, 0, 0, 0, 0]
[-64, -57, 70, 20, 7, 0, 0, 0, -57, 70, 16, 0, 0, 0, 0, 102, -119, 6, -119, 69, -4]
[-125, 120, 20, 16, 114, 2, -117, 0, -125, 126, 20, 16, 114, 4, -117, 14, -21, 2, -117, -50, -123]
[-62, 12, 0, -52, -52, -52, -52, -52, -52, -52, -52, -52, -52, -52, -52, -52, -52, 85, -117, -20]
[-52, -52, -52, -52, -52, -52, -52, -52, -52, -52, -52, -52, -52, -52]
[-52, -52, -52, -52, -52, -52, -52, -52, -52, -52, -52, -52, -52]
[-52, -52, -52, -52, -52, -52, -52, -52, -52, -52, -52, -52]
[-52, -52, -52, -52, -52, -52, -52, -52, -52, -52, -52, -52]
[-52, -52, -52, -52, -52, -52, -52, -52, -52, -52, -52, -52]
[-52, -52, -52, -52, -52, -52, -52, -52, -52, -52, -52]
[-52, -52, -52, -52, -52, -52, -52, -52, -52, -52]
[-52, -52, -52, -52, -52, -52, -52, -52, -52, -52]
[-52, -52, -52, -52, -52, -52, -52, -52, -52, -52]
[-52, -52, -52, -52, -52, 85, -117, -20, -117, 69]
[-52, -52, -52, -52, -52, -52, -52, -52, -52, -52]
[-1, 80, 8, -123, -64, 116, 8, -117, 16]
[77, -12, 100, -119, 13, 0, 0, 0, 0]
[-52, -52, -52, -52, -52, -52, -52, -52, -52]
[-52, -52, -52, -52, -52, -52, -52, -52, -52]
[-52, -52, -52, -52, -52, -52, -52, -52, -52]
[-52, -52, -52, 85, -117, -20, 106, -1, 104]
[-52, -52, -52, -52, -52, -52, -52, -52, -52]
[-52, -52, -52, -52, -52, -52, -52, -52, -52]
[-12, 100, -119, 13, 0, 0, 0, 0]
[-12, 100, -119, 13, 0, 0, 0, 0]
[-52, -52, -52, -52, -52, -52, -52, -52]
[-52, -52, -52, -52, -52, -52, -52, -52]
[-52, -52, -52, -52, -52, -52, -52, -52]
[-52, -52, -52, -52, -52, -52, -52, -52]
[-52, -52, -52, -52, -52, -52, -52, -52]
[-52, -52, -52, -52, -52, -52, -52, -52]
[0, 0, 0, -1, -1, -1, -1]
[0, 0, 0, 1, 0, 0, 0]
[0, 0, 0, 1, 0, 0, 0]
[100, -119, 13, 0, 0, 0, 0]
[100, -119, 13, 0, 0, 0, 0]
[100, -119, 13, 0, 0, 0, 0]
[-52, -52, -52, -52, -52, -52, -52]
[-52, -52, -52, -52, -52, -52, -52]
[-52, -52, -52, -52, -52, -52, -52]
[-52, -52, -52, -52, -52, -52, -52]
[-52, -52, -52, -52, -52, -52, -52]
[-52, -52, -52, -52, -52, -52, -52]
[-52, -52, -52, -52, -52, -52, -52]
[0, 0, 0, 0, 0, 0, 80]
[-52, -52, -52, -52, -52, -52]
[-52, -52, -52, -52, -52, -52]
[-52, -52, -52, -52, -52, -52]
[0, 0, 0, -1, -1, -1]
[0, 0, 0, -1, -1, -1]
[69, -28, 0, 0, 0, 0]
[69, -28, 0, 0, 0, 0]
[0, 0, 0, 1, 0, 0]
[100, -119, 13, 0, 0, 0]
[-52, -52, -52, -52, -52, -52]
[-52, -52, -52, -52, -52, -52]
[-52, -52, -52, -52, -52, -52]
[-52, -52, -52, -52, -52, -52]
[-52, -52, -52, -52, -52, -52]
[-119, 13, 0, 0, 0, 0]
[-119, 13, 0, 0, 0, 0]
[-119, 13, 0, 0, 0, 0]
[-119, 13, 0, 0, 0, 0]
[-119, 13, 0, 0, 0, 0]
[-119, 13, 0, 0, 0, 0]
[-119, 13, 0, 0, 0, 0]
[0, 0, 0, 1, 0, 0]
[1, 0, 0, 0, 0]
[1, 0, 0, 0, 0]
[-52, -52, -52, -52, -52]
[-52, -52, -52, -52, -52]
[-1, 117, 16, -1, 117]
[-52, -52, 85, -117, -20]
[-52, -52, 85, -117, -20]
[-60, 4, 51, -64, -57]
[-20, 0, 0, 0, 0]
[0, 0, 0, 0, -117]
[0, 0, 0, 0, -117]
[0, 0, 0, 0, -117]
[0, 0, 0, 0, 80]
[0, 0, 0, 0, -57]
[-2, -1, -1, 94, 91]
[-2, -1, -1, 0, 0]
[0, 0, 0, -117, 125]
[0, 0, 0, -117, 70]
[0, 0, 0, 0, -117]
[0, 0, 0, 2, 0]
[100, -119, 13, 0, 0]
[100, -119, 13, 0, 0]
[100, -119, 13, 0, 0]
[100, -119, 13, 0, 0]
[100, -119, 13, 0, 0]
[100, -119, 13, 0, 0]
[100, -119, 13, 0, 0]
[100, -119, 13, 0, 0]
[100, -119, 13, 0, 0]
[100, -119, 13, 0, 0]
[0, 0, 0, 0, 95]
[0, 0, 0, 0, -117]
[0, 0, 0, 0, 100]
[91, 93, -62, 12, 0]
[0, 0, -24, 0, 0]
[-52, -52, -52, -52, -52]
[-52, -52, -52, -52, -52]
[-52, -52, -52, -115, 77]
[-52, -52, -52, -52, -52]
[-52, -52, -52, -52, -52]
[-52, -52, -52, -52, -52]
[36, 0, 0, 0, 0]
[36, 0, 0, 0, 0]
[36, 0, 0, 0, 0]
[-52, -52, -52, -52, -52]
[-52, -52, -52, -52, -52]
[-52, -52, -52, -52, -52]
[-52, -52, -52, -52, -52]
[-52, -52, -52, -52, -52]
[-52, -52, -52, -52, -52]
[-119, 13, 0, 0, 0]
[-119, 13, 0, 0, 0]
[-20, 15, 0, 0, 0]
[-20, 15, 0, 0, 0]
[-4, 0, 0, 0, 0]
[0, 0, 0, 0, -117]
[0, 0, 0, -1, -1]
[0, 0, 0, 1, 0]
[1, 0, 0, 0]
[1, 0, 0, 0]
[1, 0, 0, 0]
[1, 0, 0, 0]
[1, 0, 0, 0]
[1, 0, 0, 0]
[1, 0, 0, 0]
[1, 0, 0, 0]
[1, 0, 0, 0]
[1, 0, 0, 0]
[1, 0, 0, 0]
[1, 0, 0, 0]
[1, 0, 0, 0]
[1, 0, 0, 0]
[1, 0, 0, 0]
[1, 0, 0, 0]
[1, 0, 0, 0]
[1, 0, 0, 0]
[1, 0, 0, 0]
[1, 0, 0, 0]
[1, 0, 0, 0]
[1, 0, 0, 0]
[1, 0, 0, 0]
[1, 0, 0, 0]
[1, 0, 0, 0]
[1, 0, 0, 0]
[1, 0, 0, 0]
[1, 0, 0, 0]
[1, 0, 0, 0]
[1, 0, 0, 0]
[1, 0, 0, 0]
[1, 0, 0, 0]
[1, 0, 0, 0]
[1, 0, 0, 0]
[1, 0, 0, 0]
[1, 0, 0, 0]
[1, 0, 0, 0]
[1, 0, 0, 0]
[1, 0, 0, 0]
[1, 0, 0, 0]
[1, 0, 0, 0]
[1, 0, 0, 0]
[1, 0, 0, 0]
[1, 0, 0, 0]
[1, 0, 0, 0]
[1, 0, 0, 0]
[1, 0, 0, 0]
[1, 0, 0, 0]
[1, 0, 0, 0]
[1, 0, 0, 0]
[1, 0, 0, 0]
[1, 0, 0, 0]
[1, 0, 0, 0]
[1, 0, 0, 0]
[1, 0, 0, 0]
[1, 0, 0, 0]
[1, 0, 0, -24]
[1, 0, 0, 0]
[1, 0, 0, 0]
[1, 0, 0, 0]
[1, 0, 0, 0]
[1, 0, 0, 0]
[1, 0, 0, 0]
[1, 0, 0, 0]
[1, 0, 0, 0]
[1, 0, 0, 0]
[1, 0, 0, 0]
[1, 0, 0, 0]
[1, 0, 0, 0]
[1, 0, 0, 0]
[1, 0, 0, 0]
[1, 0, 0, 0]
[1, 0, 0, 0]
[1, 0, 0, 0]
[1, 0, 0, 0]
[1, 0, 0, 0]
[1, 0, 0, 0]
[1, 0, 0, 0]
[1, 0, 0, 0]
[1, 0, 0, 0]
[1, 0, 0, 0]
[1, 0, 0, 0]
[1, 0, 0, 0]
[1, 0, 0, 0]
[1, 0, 0, 0]
[1, 0, 0, 0]
[1, 0, 0, 0]
[1, 0, 0, 0]
[1, 0, 0, 0]
[1, 0, 0, 0]
[1, 0, 0, 0]
[1, 0, 0, 0]
[1, 0, 0, 0]
[1, 0, 0, 0]
[-111, 0, 0, 0]
[-111, 0, 0, 0]
[-111, 0, 0, 0]
[-111, 0, 0, 0]
[0, -117, -50, -24]
[-52, -52, -52, -52]
[-52, -52, -52, -117]
[-52, -52, -52, -52]
[-52, -52, -52, -52]
[-52, -52, -52, -52]
[-52, -52, -52, -52]
[-52, -52, -52, -52]
[-52, -52, -52, -52]
[-52, -52, -52, -52]
[-52, -52, -52, -52]
[-52, -52, -52, -52]
[-52, -52, -52, -52]
[-52, -52, -52, -52]
[0, 0, 0, -117]
[0, 0, 0, -1]
[0, 0, 0, -117]
[0, 0, 0, -117]
[0, 0, 0, -117]
[0, 0, 0, -117]
[0, 0, 0, -117]
[0, 0, 0, 15]
[0, 0, 0, -117]
[0, 0, 0, -123]
[0, 0, 0, -117]
[0, 0, 0, -117]
[0, 0, 0, -117]
[0, 0, 0, -117]
[0, 0, 0, -24]
[0, 0, 0, -117]
[0, 0, 0, -117]
[0, 0, 0, -115]
[0, 0, 0, -52]
[0, 0, 0, -1]
[0, 0, 0, 96]
[0, 0, 0, 64]
[0, 0, 0, -1]
[0, 0, 0, -1]
[0, 0, 0, -24]
[0, 0, 0, -1]
[0, 0, 0, 1]
[-1, 117, 16, -1]
[-52, -52, 85, -117]
[-52, -52, 85, -117]
[-52, -52, 85, -117]
[-52, -52, 85, -117]
[-52, -52, 85, -117]
[-52, -52, 85, -117]
[-52, -52, 85, -117]
[-49, -1, -1, -117]
[-1, 80, 8, -117]
[0, 0, 0, -57]
[0, 0, 0, -119]
[0, 0, 0, -57]
[0, 0, 0, -1]
[0, 0, 0, -117]
[0, 0, 0, -57]
[0, 0, 0, 51]
[0, 0, 0, -117]
[0, 0, 0, -117]
[0, 0, 0, 80]
[0, 0, 0, -57]
[0, 0, 0, -57]
[0, 0, 0, -115]
[0, 0, 0, -117]
[0, 0, 0, -117]
[0, 0, 0, -117]
[0, 0, 0, -52]
[0, 0, 0, 106]
[0, 0, 0, -24]
[0, 0, 0, -117]
[0, 0, 0, -1]
[0, 0, 0, -117]
[0, 0, 0, -117]
[0, 0, 0, -117]
[0, 0, 0, -117]
[0, 0, 0, -57]
[0, 0, 0, -57]
[0, 0, 0, -57]
[0, 0, 0, 100]
[0, 0, 0, 100]
[0, 0, 0, -16]
[0, 0, 0, 104]
[0, 0, 0, -1]
[0, 0, 0, -24]
[0, 0, 0, -1]
[0, 0, 0, 12]
[0, 0, 0, -16]
[0, 0, 0, 1]
[0, 8, 0, 0]
[0, 8, 0, 0]
[0, 8, 0, 0]
[0, 8, 0, 0]
[-2, -1, -1, -117]
[-2, -1, -1, -117]
[-2, -1, -1, 4]
[-2, -1, -1, -1]
[-2, -1, -1, -1]
[-2, -1, -1, -1]
[-2, -1, -1, -1]
[117, 7, -57, 70]
[0, 0, 0, -117]
[0, 0, 0, -117]
[0, 0, 0, -57]
[0, 0, 0, -1]
[0, 0, 0, -117]
[0, 0, 0, -57]
[0, 0, 0, -117]
[0, 0, 0, -117]
[0, 0, 0, -117]
[0, 0, 0, -125]
[0, 0, 0, -117]
[0, 0, 0, -52]
[0, 0, 0, -119]
[0, 0, 0, -21]
[0, 0, 0, -117]
[0, 0, 0, -120]
[0, 0, 0, -117]
[0, 0, 0, -117]
[0, 0, 0, -117]
[0, 0, 0, -117]
[0, 0, 0, 8]
[0, 0, 0, -52]
[0, 0, 0, 102]
[0, 0, 0, 77]
[0, 0, 0, -1]
[0, 0, 0, 1]
[0, 0, 0, 1]
[0, 0, 0, -24]
[0, 0, 0, 15]
[0, 106, 1, -1]
[100, -119, 13, 0]
[100, -119, 13, 0]
[100, -119, 13, 0]
[100, -119, 13, 0]
[100, -119, 13, 0]
[100, -119, 13, 0]
[100, -119, 13, 0]
[100, -119, 13, 0]
[100, -119, 13, 0]
[100, -119, 13, 0]
[100, -119, 13, 0]
[100, -119, 13, 0]
[100, -119, 13, 0]
[100, -119, 13, 0]
[100, -119, 13, 0]
[6, -57, 69, -4]
[0, 0, 0, -117]
[0, 0, 0, -117]
[0, 0, 0, -117]
[0, 0, 0, -1]
[0, 0, 0, -117]
[0, 0, 0, -117]
[0, 0, 0, 80]
[0, 0, 0, -119]
[0, 0, 0, -123]
[0, 0, 0, -117]
[0, 0, 0, -117]
[0, 0, 0, -117]
[0, 0, 0, -117]
[0, 0, 0, -117]
[0, 0, 0, 117]
[0, 0, 0, -117]
[0, 0, 0, -117]
[0, 0, 0, -52]
[0, 0, 0, -57]
[0, 0, 0, -117]
[0, 0, 0, -24]
[0, 0, 0, -1]
[0, 0, 0, -1]
[0, 0, 0, -117]
[0, 0, 0, 104]
[0, 0, 0, -125]
[0, 0, 0, -119]
[0, 0, 0, -117]
[0, 0, 0, -117]
[0, 0, 0, -117]
[0, 0, 0, -117]
[0, 0, 0, -117]
[0, 0, 0, -117]
[0, 0, 0, -115]
[0, 0, 0, -125]
[0, 0, 0, 8]
[0, 0, 0, 80]
[0, 0, 0, 16]
[0, 0, 0, 116]
[0, 0, 0, 116]
[0, 0, 0, 1]
[0, 0, 0, -119]
[0, 0, 0, -124]
[-125, -8, 16, 114]
[69, 20, 3, -62]
[0, 0, -117, 1]
[86, -117, 117, 8]
[86, -117, 117, 8]
[86, -117, 117, 16]
[86, -117, 117, 8]
[-115, 69, 8, 80]
[-117, 69, -4, -119]
[-52, -52, -52, -52]
[-52, -52, -52, -52]
[-52, -52, -52, -52]
[-52, -52, -52, 85]
[-52, -52, -52, -52]
[-52, -52, -52, -52]
[-52, -52, -52, -52]
[-52, -52, -52, -52]
[-52, -52, -52, -52]
[-52, -52, -52, -52]
[-52, -52, -52, -52]
[-20, -117, 85, 8]
[-62, 12, 0, -117]
[36, 0, 0, 0]
[36, 0, 0, 0]
[-52, -52, -52, -52]
[-52, -52, -52, -52]
[-52, -52, -52, -52]
[-52, -52, -52, -52]
[-52, -52, -52, -52]
[-52, -52, -52, -52]
[-52, -52, -52, -52]
[-52, -52, -52, -52]
[-52, -52, -52, -52]
[-52, -52, -52, -52]
[-52, -52, -52, -52]
[-52, -52, -52, -52]
[-52, -52, -52, -52]
[-52, -52, -52, -52]
[-52, -52, -52, -52]
[-52, -52, -52, -52]
[-52, -52, -52, -52]
[-52, -52, -52, -117]
[-52, -52, -52, -117]
[-52, -52, -52, -52]
[-52, -52, -52, -52]
[-52, -52, -52, -52]
[-52, -52, -52, -52]
[-52, -52, -52, -52]
[-119, 13, 0, 0]
[-119, 13, 0, 0]
[-119, 13, 0, 0]
[-119, 13, 0, 0]
[-119, 13, 0, 0]
[-119, 13, 0, 0]
[0, 117, 4, 51]
[-4, 0, 0, 0]
[-4, 0, 0, 0]
[-4, 0, 0, 0]
[-4, 0, 0, 0]
[-4, 0, 0, 0]
[-4, 0, 0, 0]
[-4, 0, 0, 0]
[0, -57, 69, -4]
[-117, -57, 95, 94]
[0, 0, 0, 86]
[0, 0, 0, -117]
[0, 0, 0, -117]
[0, 0, 0, -117]
[0, 0, 0, -117]
[0, 0, 0, -117]
[0, 0, 0, -123]
[0, 0, 0, 117]
[0, 0, 0, -117]
[0, 0, 0, 102]
[0, 0, 0, -117]
[0, 0, 0, -24]
[0, 0, 0, -119]
[0, 0, 0, -117]
[0, 0, 0, -24]
[0, 0, 0, -119]
[0, 0, 0, -117]
[0, 0, 0, -117]
[0, 0, 0, 80]
[0, 0, 0, -24]
[0, 0, 0, -117]
[0, 0, 0, -117]
[0, 0, 0, 20]
[0, 0, 0, -52]
[0, 0, 0, 8]
[0, 0, 0, -20]
[0, 0, 0, 116]
[0, 0, 0, 3]
[0, 0, 0, -1]
[0, 0, 0, -1]
[0, 0, 0, 1]
[1, 0, 0]
[1, 0, 0]
[1, 0, 0]
[1, 0, 0]
[1, 0, 0]
[1, 0, 0]
[1, 0, 0]
[1, 0, 0]
[1, 0, 0]
[1, 0, 0]
[1, 0, 0]
[1, 0, 0]
[1, 0, 0]
[1, 0, 0]
[1, 0, 0]
[1, 0, 0]
[1, 0, 0]
[1, 0, 0]
[1, 0, 0]
[1, 0, 0]
[1, 0, 0]
[1, 0, 0]
[1, 0, 0]
[1, 0, 0]
[1, 0, 0]
[1, 0, 0]
[1, 0, 0]
[1, 0, 0]
[1, 0, 0]
[1, 0, 0]
[1, 0, 0]
[1, 0, 0]
[1, 0, 0]
[1, 0, 0]
[1, 0, 0]
[1, 0, 0]
[1, 0, 0]
[1, 0, 0]
[1, 0, 0]
[1, 0, 0]
[1, 0, 0]
[1, 0, 0]
[1, 0, 0]
[1, 0, 0]
[1, 0, 0]
[1, 0, 0]
[1, 0, 0]
[1, 0, 0]
[1, 0, 0]
[1, 0, 0]
[1, 0, 0]
[1, 0, 0]
[1, 0, 0]
[1, 0, 0]
[1, 0, 0]
[1, 0, 0]
[1, 0, 0]
[1, 0, 0]
[1, 0, 0]
[1, 0, 0]
[1, 0, 0]
[1, 0, 0]
[1, 0, 0]
[1, 0, 0]
[1, 0, 0]
[1, 0, 0]
[1, 0, 0]
[1, 0, 0]
[1, 0, 0]
[1, 0, 0]
[1, 0, 0]
[1, 0, 0]
[1, 0, 0]
[1, 0, 0]
[1, 0, 0]
[1, 0, 0]
[1, 0, 0]
[1, 0, 0]
[1, 0, 0]
[1, 0, 0]
[1, 0, 0]
[1, 0, 0]
[1, 0, 0]
[1, 0, 0]
[1, 0, 0]
[1, 0, 0]
[1, 0, 0]
[1, 0, 0]
[1, 0, 0]
[1, 0, 0]
[1, 0, 0]
[1, 0, 0]
[1, 0, 0]
[1, 0, 0]
[1, 0, 0]
[1, 0, 0]
[1, 0, 0]
[1, 0, 0]
[1, 0, 0]
[1, 0, 0]
[1, 0, 0]
[1, 0, 0]
[1, 0, 0]
[1, 0, 0]
[1, 0, 0]
[1, 0, 0]
[1, 0, 0]
[1, 0, 0]
[1, 0, 0]
[1, 0, 0]
[1, 0, 0]
[1, 0, 0]
[1, 0, 0]
[1, 0, 0]
[1, 0, 0]
[1, 0, 0]
[1, 0, 0]
[1, 0, 0]
[1, 0, 0]
[1, 0, 0]
[1, 0, 0]
[1, 0, 0]
[1, 0, 0]
[1, 0, 0]
[1, 0, 0]
[1, 0, 0]
[1, 0, 0]
[1, 0, 0]
[1, 0, 0]
[1, 0, 0]
[1, 0, 0]
[1, 0, 0]
[1, 0, 0]
[1, 0, 0]
[1, 0, 0]
[1, 0, 0]
[1, 0, 0]
[1, 0, 0]
[1, 0, 0]
[1, 0, 0]
[1, 0, 0]
[1, 0, 0]
[1, 0, 0]
[1, 0, 0]
[1, 0, 0]
[1, 0, 0]
[1, 0, 0]
[1, 0, 0]
[1, 0, 0]
[1, 0, 0]
[1, 0, 0]
[1, 0, 0]
[1, 0, 0]
[1, 0, 0]
[1, 0, 0]
[1, 0, 0]
[1, 0, 0]
[1, 0, 0]
[1, 0, 0]
[1, 0, 0]
[1, 0, 0]
[1, 0, 0]
[1, 0, 0]
[1, 0, 0]
[1, 0, 0]
[1, 0, 0]
[1, 0, 0]
[1, 0, 0]
[1, 0, 0]
[1, 0, 0]
[1, 0, 0]
[1, 0, 0]
[1, 0, 0]
[1, 0, 0]
[1, 0, 0]
[1, 0, 0]
[1, 0, 0]
[1, 0, 0]
[1, 0, 0]
[1, 0, 0]
[1, 0, 0]
[1, 0, 0]
[1, 0, 0]
[1, 0, 0]
[1, 0, 0]
[1, 0, 0]
[1, 0, 0]
[1, 0, 0]
[1, 0, 0]
[1, 0, 0]
[1, 0, 0]
[1, 0, 0]
[1, 0, 0]
[1, 0, 0]
[1, 0, 0]
[1, 0, 0]
[1, 0, 0]
[1, 0, 0]
[1, 0, 0]
[1, 0, 0]
[1, 0, 0]
[1, 0, 0]
[1, 0, 0]
[1, 0, 0]
[1, 0, 0]
[1, 0, 0]
[1, 0, 0]
[1, 0, 0]
[1, 0, 0]
[1, 0, 0]
[1, 0, 0]
[1, 0, 0]
[1, 0, 0]
[1, 0, 0]
[1, 0, 0]
[1, 0, 0]
[1, 0, 0]
[1, 0, 0]
[1, 0, 0]
[1, 0, 0]
[1, 0, 0]
[1, 0, 0]
[1, 0, 0]
[1, 0, 0]
[1, 0, 0]
[1, 0, 0]
[1, 0, 0]
[1, 0, 0]
[1, 0, 0]
[1, 0, 0]
[1, 0, 0]
[1, 0, 0]
[1, 0, 0]
[1, 0, 0]
[1, 0, 0]
[1, 0, 0]
[1, 0, 0]
[1, 0, 0]
[1, 0, 0]
[1, 0, 0]
[1, 0, 0]
[1, 0, 0]
[1, 0, 0]
[1, 0, 0]
[1, 0, 0]
[1, 0, 0]
[1, 0, 0]
[1, 0, 0]
[1, 0, 0]
[1, 0, 0]
[1, 0, 0]
[1, 0, 0]
[1, 0, 0]
[1, 0, 0]
[1, 0, 0]
[1, 0, 0]
[1, 0, 0]
[1, 0, 0]
[1, 0, 0]
[1, 0, 0]
[1, 0, 0]
[1, 0, 0]
[1, 0, 0]
[1, 0, 0]
[1, 0, 0]
[1, 0, 0]
[1, 0, 0]
[1, 0, 0]
[1, 0, 0]
[1, 0, 0]
[1, 0, 0]
[1, 0, 0]
[1, 0, 0]
[1, 0, 0]
[1, 0, 0]
[1, 0, 0]
[1, 0, 0]
[1, 0, 0]
[1, 0, 0]
[1, 0, 0]
[1, 0, 0]
[1, 0, 0]
[1, 0, 0]
[1, 0, 0]
[1, 0, 0]
[1, 0, 0]
[1, 0, 0]
[1, 0, 0]
[1, 0, 0]
[1, 0, 0]
[1, 0, 0]
[1, 0, 0]
[1, 0, 0]
[1, 0, 0]
[1, 0, 0]
[1, 0, 0]
[1, 0, 0]
[1, 0, 0]
[1, 0, 0]
[1, 0, 0]
[1, 0, 0]
[1, 0, 0]
[1, 0, 0]
[1, 0, 0]
[1, 0, 0]
[1, 0, 0]
[1, 0, 0]
[1, 0, 0]
[1, 0, 0]
[1, 0, 0]
[1, 0, 0]
[1, 0, 0]
[1, 0, 0]
[1, 0, 0]
[1, 0, 0]
[1, 0, 0]
[1, 0, 0]
[1, 0, 0]
[1, 0, 0]
[1, 0, 0]
[1, 0, 0]
[1, 0, 0]
[1, 0, 0]
[1, 0, 0]
[1, 0, 0]
[1, 0, 0]
[1, 0, 0]
[1, 0, 0]
[1, 0, 0]
[1, 0, 0]
[1, 0, 0]
[1, 0, 0]
[1, 0, 0]
[1, 0, 0]
[1, 0, 0]
[1, 0, 0]
[1, 0, 0]
[1, 0, 0]
[1, 0, 0]
[1, 0, 0]
[1, 0, 0]
[1, 0, 0]
[1, 0, 0]
[1, 0, 0]
[1, 0, 0]
[1, 0, 0]
[1, 0, 0]
[1, 0, 0]
[1, 0, 0]
[1, 0, 0]
[1, 0, 0]
[1, 0, 0]
[1, 0, 0]
[1, 0, 0]
[1, 0, 0]
[1, 0, 0]
[1, 0, 0]
[1, 0, 0]
[1, 0, 0]
[1, 0, 0]
[1, 0, 0]
[1, 0, 0]
[1, 0, 0]
[1, 0, 0]
[1, 0, 0]
[1, 0, 0]
[1, 0, 0]
[1, 0, 0]
[1, 0, 0]
[1, 0, 0]
[1, 0, 0]
[1, 0, 0]
[1, 0, 0]
[1, 0, 0]
[1, 0, 0]
[1, 0, 0]
[1, 0, 0]
[1, 0, 0]
[1, 0, 0]
[0, -117, -50]
[0, -117, -50]
[0, -117, -50]
[0, -117, -50]
[0, -117, -50]
[0, -117, -50]
[0, -117, -50]
[0, -117, -50]
[0, -117, -50]
[0, -117, -50]
[0, -117, -50]
[0, -117, -50]
[0, -117, -50]
[0, -117, -50]
[0, -117, -50]
[0, -117, -50]
[0, -117, -50]
[0, -117, -50]
[0, -117, -50]
[0, -117, -50]
[0, -117, -50]
[0, -117, -50]
[0, -117, -50]
[0, -117, -50]
[0, -117, -50]
[0, -117, -50]
[0, -117, -50]
[0, -117, -50]
[0, -117, -50]
[0, -117, -50]
[0, -117, -50]
[0, -117, -50]
[35, 4, 0]
[-111, 0, 0]
[-111, 0, 0]
[-111, 0, 0]
[-111, 0, 0]
[-111, 0, 0]
[-111, 0, 0]
[-111, 0, 0]
[-111, 0, 0]
[-111, 0, 0]
[-111, 0, 0]
[-111, 0, 0]
[-111, 0, 0]
[-111, 0, 0]
[-111, 0, 0]
[0, -117, -50]
[0, -117, -50]
[0, -117, -50]
[0, -117, -50]
[0, -117, -50]
[0, -117, -50]
[0, -117, -50]
[0, -117, -50]
[0, -117, -50]
[0, -117, -50]
[0, -117, -50]
[0, -117, -50]
[0, -117, -50]
[0, -117, -50]
[0, -117, -50]
[-52, -52, -52]
[-52, -52, -52]
[-52, -52, -52]
[-52, -52, -52]
[-52, -52, -52]
[-52, -52, -52]
[-52, -52, -52]
[-52, -52, -52]
[-52, -52, -52]
[-52, -52, -52]
[-52, -52, -52]
[-52, -52, -52]
[-52, -52, -52]
[-52, -52, -52]
[-52, -52, -52]
[-52, -52, -52]
[-52, -52, -52]
[-52, -52, -52]
[-52, -52, -52]
[-52, -52, -52]
[-52, -52, -52]
[-52, -52, -52]
[-52, -52, -52]
[-52, -52, -52]
[-52, -52, -52]
[-52, -52, -52]
[-52, -52, -52]
[-52, -52, -52]
[-52, -52, -52]
[-52, -52, -52]
[-52, -52, -52]
[-52, -52, -52]
[-52, -52, -52]
[-52, -52, -52]
[-52, -52, -52]
[-52, -52, -52]
[-52, -52, -52]
[-52, -52, -52]
[-52, -52, -52]
[-52, -52, -52]
[-52, -52, -52]
[-52, -52, -52]
[-52, -52, -52]
[-52, -52, -52]
[-52, -52, -52]
[-52, -52, -52]
[-52, -52, -52]
[-52, -52, -52]
[-52, -52, -52]
[-52, -52, -52]
[-52, -52, -52]
[-52, -52, -52]
[-52, -52, -52]
[-52, -52, -52]
[-52, -52, -52]
[-52, -52, -52]
[-52, -52, -52]
[-52, -52, -52]
[-52, -52, -52]
[-52, -52, -52]
[-52, -52, -52]
[-52, -52, -52]
[-52, -52, -52]
[-52, -52, -52]
[-52, -52, -52]
[-52, -52, -52]
[-52, -52, -52]
[-52, -52, -52]
[-52, -52, -52]
[-52, -52, -52]
[-52, -52, -52]
[-52, -52, -52]
[-52, -52, -52]
[-52, -52, -52]
[-52, -52, -52]
[-52, -52, -52]
[-52, -52, -52]
[-52, -52, -52]
[-52, -52, -52]
[-52, -52, -52]
[-52, -52, -52]
[-52, -52, -52]
[-52, -52, -52]
[-52, -52, -52]
[-52, -52, -52]
[-52, -52, -52]
[-52, -52, -52]
[-52, -52, -52]
[-52, -52, -52]
[-52, -52, -52]
[-52, -52, -52]
[-52, -52, -52]
[-52, -52, -52]
[-52, -52, -52]
[-52, -52, -52]
[-52, -52, -52]
[-52, -52, -52]
[-52, -52, -52]
[-52, -52, -52]
[-52, -52, -52]
[-52, -52, -52]
[-52, -52, -52]
[-52, -52, -52]
[-52, -52, -52]
[-52, -52, -52]
[-52, -52, -52]
[-52, -52, -52]
[-52, -52, -52]
[-52, -52, -52]
[-52, -52, -52]
[-52, -52, -52]
[-52, -52, -52]
[-52, -52, -52]
[-52, -52, -52]
[-52, -52, -52]
[-52, -52, -52]
[-52, -52, -52]
[-52, -52, -52]
[-52, -52, -52]
[-52, -52, -52]
[-52, -52, -52]
[-52, -52, -52]
[-52, -52, -52]
[-52, -52, -52]
[-52, -52, -52]
[-52, -52, -52]
[-52, -52, -52]
[-52, -52, -52]
[-52, -52, -52]
[-52, -52, -52]
[-52, -52, -52]
[-52, -52, -52]
[-52, -52, -52]
[-52, -52, -52]
[-52, -52, -52]
[-52, -52, -52]
[-52, -52, -52]
[-52, -52, -52]
[-52, -52, -52]
[-52, -52, -52]
[-52, -52, -52]
[-52, -52, -52]
[-52, -52, -52]
[-52, -52, -52]
[-52, -52, -52]
[-52, -52, -52]
[-52, -52, -52]
[-52, -52, -52]
[-52, -52, -52]
[-52, -52, -52]
[-52, -52, -52]
[-52, -52, -52]
[-52, -52, -52]
[-52, -52, -52]
[-52, -52, -52]
[-52, -52, -52]
[-52, -52, -52]
[-52, -52, -52]
[-52, -52, -52]
[-52, -52, -52]
[-52, -52, -52]
[-52, -52, -52]
[-52, -52, -52]
[-52, -52, -52]
[-52, -52, -52]
[-52, -52, -52]
[-52, -52, -52]
[-52, -52, -52]
[-52, -52, -52]
[-52, -52, -52]
[-52, -52, -52]
[-52, -52, -52]
[-52, -52, -52]
[-52, -52, -52]
[-52, -52, -52]
[-52, -52, -52]
[-52, -52, -52]
[-52, -52, -52]
[-52, -52, -52]
[-52, -52, -52]
[-52, -52, -52]
[-52, -52, -52]
[-52, -52, -52]
[-52, -52, -52]
[-52, -52, -52]
[-52, -52, -52]
[-52, -52, -52]
[-52, -52, -52]
[-52, -52, -52]
[-52, -52, -52]
[-52, -52, -52]
[-52, -52, -52]
[-52, -52, -52]
[-52, -52, -52]
[-52, -52, -52]
[-52, -52, -52]
[-52, -52, -52]
[-52, -52, -52]
[-52, -52, -52]
[-52, -52, -52]
[-52, -52, -52]
[-52, -52, -52]
[-52, -52, -52]
[-52, -52, -52]
[-52, -52, -52]
[-52, -52, -52]
[-52, -52, -52]
[-52, -52, -52]
[-52, -52, -52]
[-52, -52, -52]
[-52, -52, -52]
[-52, -52, -52]
[-52, -52, -52]
[-52, -52, -52]
[-52, -52, -52]
[-52, -52, -52]
[-52, -52, -52]
[-52, -52, -52]
[-52, -52, -52]
[-52, -52, -52]
[-52, -52, -52]
[-52, -52, -52]
[-52, -52, -52]
[-52, -52, -52]
[-52, -52, -52]
[-52, -52, -52]
[-52, -52, -52]
[-52, -52, -52]
[-52, -52, -52]
[-52, -52, -52]
[-52, -52, -52]
[-52, -52, -52]
[-52, -52, -52]
[-52, -52, -52]
[-52, -52, -52]
[-52, -52, -52]
[-52, -52, -52]
[-52, -52, -52]
[-52, -52, -52]
[-52, -52, -52]
[-52, -52, -52]
[-52, -52, -52]
[-52, -52, -52]
[-52, -52, -52]
[-52, -52, -52]
[-52, -52, -52]
[-52, -52, -52]
[-52, -52, -52]
[-52, -52, -52]
[-52, -52, -52]
[-52, -52, -52]
[-52, -52, -52]
[-52, -52, -52]
[-52, -52, -52]
[-52, -52, -52]
[-52, -52, -52]
[-52, -52, -52]
[-52, -52, -52]
[-52, -52, -52]
[-52, -52, -52]
[-52, -52, -52]
[-52, -52, -52]
[-52, -52, -52]
[-52, -52, -52]
[-52, -52, -52]
[-52, -52, -52]
[-52, -52, -52]
[-52, -52, -52]
[-52, -52, -52]
[-52, -52, -52]
[-52, -52, -52]
[-52, -52, -52]
[-52, -52, -52]
[-52, -52, -52]
[-52, -52, -52]
[-52, -52, -52]
[-52, -52, -52]
[-52, -52, -52]
[-52, -52, -52]
[-52, -52, -52]
[-52, -52, -52]
[-52, -52, -52]
[-52, -52, -52]
[-52, -52, -52]
[-52, -52, -52]
[-52, -52, -52]
[-52, -52, -52]
[-52, -52, -52]
[-52, -52, -52]
[-52, -52, -52]
[-52, -52, -52]
[-52, -52, -52]
[-52, -52, -52]
[-52, -52, -52]
[-52, -52, -52]
[-52, -52, -52]
[-52, -52, -52]
[-52, -52, -52]
[-52, -52, -52]
[-52, -52, -52]
[-52, -52, -52]
[-52, -52, -52]
[-52, -52, -52]
[-52, -52, -52]
[-52, -52, -52]
[-52, -52, -52]
[-52, -52, -52]
[-52, -52, -52]
[-52, -52, -52]
[-52, -52, -52]
[-52, -52, -52]
[-52, -52, -52]
[-52, -52, -52]
[-52, -52, -52]
[-52, -52, -52]
[-52, -52, -52]
[-52, -52, -52]
[-52, -52, -52]
[-52, -52, -52]
[-52, -52, -52]
[-52, -52, -52]
[-52, -52, -52]
[-52, -52, -52]
[-52, -52, -52]
[-52, -52, -52]
[-52, -52, -52]
[-52, -52, -52]
[-52, -52, -52]
[-52, -52, -52]
[-52, -52, -52]
[-52, -52, -52]
[-52, -52, -52]
[-52, -52, -52]
[-52, -52, -52]
[-52, -52, -52]
[-52, -52, -52]
[-52, -52, -52]
[-52, -52, -52]
[-52, -52, -52]
[-52, -52, -52]
[-52, -52, -52]
[-52, -52, -52]
[-52, -52, -52]
[-52, -52, -52]
[-52, -52, -52]
[-52, -52, -52]
[-52, -52, -52]
[-52, -52, -52]
[-52, -52, -52]
[-52, -52, -52]
[-52, -52, -52]
[-52, -52, -52]
[-52, -52, -52]
[-52, -52, -52]
[-52, -52, -52]
[-52, -52, -52]
[-52, -52, -52]
[-52, -52, -52]
[-52, -52, -52]
[-52, -52, -52]
[-52, -52, -52]
[-52, -52, -52]
[-52, -52, -52]
[-52, -52, -52]
[-52, -52, -52]
[-52, -52, -52]
[-52, -52, -52]
[-52, -52, -52]
[-52, -52, -52]
[-52, -52, -52]
[-52, -52, -52]
[-52, -52, -52]
[-52, -52, -52]
[-52, -52, -52]
[-52, -52, -52]
[-52, -52, -52]
[-52, -52, -52]
[-52, -52, -52]
[-52, -52, -52]
[-52, -52, -52]
[-52, -52, -52]
[-52, -52, -52]
[-52, -52, -52]
[-52, -52, -52]
[-52, -52, -52]
[-52, -52, -52]
[-52, -52, -52]
[-52, -52, -52]
[-52, -52, -52]
[-52, -52, -52]
[-52, -52, -52]
[-52, -52, -52]
[-52, -52, -52]
[-52, -52, -52]
[-52, -52, -52]
[-52, -52, -52]
[-52, -52, -52]
[-52, -52, -52]
[-52, -52, -52]
[-52, -52, -52]
[-52, -52, -52]
[-52, -52, -52]
[-52, -52, -52]
[-52, -52, -52]
[-52, -52, -52]
[-52, -52, -52]
[-52, -52, -52]
[-52, -52, -52]
[-52, -52, -52]
[-52, -52, -52]
[-52, -52, -52]
[-52, -52, -52]
[-52, -52, -52]
[-52, -52, -52]
[-52, -52, -52]
[-52, -52, -52]
[-52, -52, -52]
[-52, -52, -52]
[-52, -52, -52]
[-52, -52, -52]
[-52, -52, -52]
[-52, -52, -52]
[-52, -52, -52]
[-52, -52, -52]
[-52, -52, -52]
[-52, -52, -52]
[-52, -52, -52]
[-52, -52, -52]
[-52, -52, -52]
[-52, -52, -52]
[-52, -52, -52]
[-52, -52, -52]
[-52, -52, -52]
[-52, -52, -52]
[-52, -52, -52]
[-52, -52, -52]
[-52, -52, -52]
[-52, -52, -52]
[-52, -52, -52]
[-52, -52, -52]
[-52, -52, -52]
[-52, -52, -52]
[-52, -52, -52]
[-52, -52, -52]
[-52, -52, -52]
[-52, -52, -52]
[-52, -52, -52]
[-52, -52, -52]
[-52, -52, -52]
[-52, -52, -52]
[-52, -52, -52]
[-52, -52, -52]
[-52, -52, -52]
[-52, -52, -52]
[-52, -52, -52]
[-52, -52, -52]
[-52, -52, -52]
[-52, -52, -52]
[-52, -52, -52]
[-52, -52, -52]
[-52, -52, -52]
[-52, -52, -52]
[-52, -52, -52]
[-52, -52, -52]
[-52, -52, -52]
[-52, -52, -52]
[-52, -52, -52]
[-52, -52, -52]
[-52, -52, -52]
[-52, -52, -52]
[-52, -52, -52]
[-52, -52, -52]
[-52, -52, -52]
[-52, -52, -52]
[-52, -52, -52]
[-52, -52, -52]
[-52, -52, -52]
[-52, -52, -52]
[-52, -52, -52]
[-52, -52, -52]
[-52, -52, -52]
[-52, -52, -52]
[-52, -52, -52]
[-52, -52, -52]
[-52, -52, -52]
[-52, -52, -52]
[-52, -52, -52]
[-52, -52, -52]
[-52, -52, -52]
[-52, -52, -52]
[-52, -52, -52]
[-52, -52, -52]
[-52, -52, -52]
[-52, -52, -52]
[-52, -52, -52]
[-52, -52, -52]
[-52, -52, -52]
[-52, -52, -52]
[-52, -52, -52]
[-52, -52, -52]
[-52, -52, -52]
[-52, -52, -52]
[-52, -52, -52]
[-52, -52, -52]
[-52, -52, -52]
[-52, -52, -52]
[-52, -52, -52]
[-52, -52, -52]
[-52, -52, -52]
[-52, -52, -52]
[-52, -52, -52]
[-52, -52, -52]
[-52, -52, -52]
[-52, -52, -52]
[-52, -52, -52]
[-52, -52, -52]
[-52, -52, -52]
[-52, -52, -52]
[-52, -52, -52]
[-52, -52, -52]
[-52, -52, -52]
[-52, -52, -52]
[-52, -52, -52]
[-52, -52, -52]
[-52, -52, -52]
[-52, -52, -52]
[-52, -52, -52]
[-52, -52, -52]
[-52, -52, -52]
[-52, -52, -52]
[-52, -52, -52]
[-52, -52, -52]
[-52, -52, -52]
[-52, -52, -52]
[-52, -52, -52]
[-52, -52, -52]
[-52, -52, -52]
[-52, -52, -52]
[-52, -52, -52]
[-52, -52, -52]
[-52, -52, -52]
[-52, -52, -52]
[-52, -52, -52]
[-52, -52, -52]
[-52, -52, -52]
[-52, -52, -52]
[-52, -52, -52]
[-52, -52, -52]
[-52, -52, -52]
[-52, -52, -52]
[-52, -52, -52]
[-52, -52, -52]
[-52, -52, -52]
[-52, -52, -52]
[-52, -52, -52]
[-52, -52, -52]
[-52, -52, -52]
[-52, -52, -52]
[-52, -52, -52]
[-52, -52, -52]
[-52, -52, -52]
[-52, -52, -52]
[-52, -52, -52]
[-52, -52, -52]
[-52, -52, -52]
[-52, -52, -52]
[-52, -52, -52]
[-52, -52, -52]
[-52, -52, -52]
[-52, -52, -52]
[-52, -52, -52]
[-52, -52, -52]
[-52, -52, -52]
[-52, -52, -52]
[-52, -52, -52]
[-52, -52, -52]
[-52, -52, -52]
[-52, -52, -52]
[-52, -52, -52]
[-52, -52, -52]
[-52, -52, -52]
[-52, -52, -52]
[-52, -52, -52]
[-52, -52, -52]
[-52, -52, -52]
[-52, -52, -52]
[-52, -52, -52]
[-52, -52, -52]
[-52, -52, -52]
[-52, -52, -52]
[-52, -52, -52]
[-52, -52, -52]
[-52, -52, -52]
[-52, -52, -52]
[-52, -52, -52]
[-52, -52, -52]
[-52, -52, -52]
[-52, -52, -52]
[-52, -52, -52]
[-52, -52, -52]
[-52, -52, -52]
[-52, -52, -52]
[-52, -52, -52]
[-52, -52, -52]
[-52, -52, -52]
[-52, -52, -52]
[-52, -52, -52]
[-52, -52, -52]
[-52, -52, -52]
[-52, -52, -52]
[-52, -52, -52]
[-52, -52, -52]
[-52, -52, -52]
[-52, -52, -52]
[-52, -52, -52]
[-52, -52, -52]
[-52, -52, -52]
[-52, -52, -52]
[-52, -52, -52]
[-52, -52, -52]
[-52, -52, -52]
[-52, -52, -52]
[-52, -52, -52]
[-52, -52, -52]
[-52, -52, -52]
[-52, -52, -52]
[-52, -52, -52]
[-52, -52, -52]
[-52, -52, -52]
[-52, -52, -52]
[-52, -52, -52]
[-52, -52, -52]
[-52, -52, -52]
[-52, -52, -52]
[-52, -52, -52]
[-52, -52, -52]
[-52, -52, -52]
[-52, -52, -52]
[-52, -52, -52]
[-52, -52, -52]
[-52, -52, -52]
[-52, -52, -52]
[-52, -52, -52]
[-52, -52, -52]
[-52, -52, -52]
[-52, -52, -52]
[-52, -52, -52]
[-52, -52, -52]
[-52, -52, -52]
[-52, -52, -52]
[-52, -52, -52]
[-52, -52, -52]
[-52, -52, -52]
[-52, -52, -52]
[-52, -52, -52]
[-52, -52, -52]
[-52, -52, -52]
[-52, -52, -52]
[-52, -52, -52]
[-52, -52, -52]
[-52, -52, -52]
[-52, -52, -52]
[-52, -52, -52]
[-52, -52, -52]
[-52, -52, -52]
[-52, -52, -52]
[-52, -52, -52]
[-52, -52, -52]
[-52, -52, -52]
[-52, -52, -52]
[-52, -52, -52]
[-52, -52, -52]
[-52, -52, -52]
[-52, -52, -52]
[-52, -52, -52]
[-52, -52, -52]
[-52, -52, -52]
[-52, -52, -52]
[-52, -52, -52]
[-52, -52, -52]
[-52, -52, -52]
[-52, -52, -52]
[-52, -52, -52]
[-52, -52, -52]
[-52, -52, -52]
[-52, -52, -52]
[-52, -52, -52]
[-52, -52, -52]
[-52, -52, -52]
[-52, -52, -52]
[-52, -52, -52]
[-52, -52, -52]
[-52, -52, -52]
[-52, -52, -52]
[-52, -52, -52]
[-52, -52, -52]
[-52, -52, -52]
[-52, -52, -52]
[-52, -52, -52]
[-52, -52, -52]
[-52, -52, -52]
[-52, -52, -52]
[-52, -52, -52]
[-52, -52, -52]
[-52, -52, -52]
[-52, -52, -52]
[-52, -52, -52]
[-52, -52, -52]
[-52, -52, -52]
[-52, -52, -52]
[-52, -52, -52]
[-52, -52, -52]
[-52, -52, -52]
[-52, -52, -52]
[-52, -52, -52]
[-52, -52, -52]
[-52, -52, -52]
[-52, -52, -52]
[-52, -52, -52]
[-52, -52, -52]
[-52, -52, -52]
[-52, -52, -52]
[-52, -52, -52]
[-52, -52, -52]
[-52, -52, -52]
[-52, -52, -52]
[-52, -52, -52]
[-52, -52, -52]
[-52, -52, -52]
[-52, -52, -52]
[-52, -52, -52]
[-52, -52, -52]
[-52, -52, -52]
[-52, -52, -52]
[-52, -52, -52]
[-52, -52, -52]
[-52, -52, -52]
[-52, -52, -52]
[-52, -52, -52]
[-52, -52, -52]
[-52, -52, -52]
[-52, -52, -52]
[-52, -52, -52]
[-52, -52, -52]
[-52, -52, -52]
[-52, -52, -52]
[-52, -52, -52]
[-52, -52, -52]
[-52, -52, -52]
[-52, -52, -52]
[-52, -52, -52]
[-52, -52, -52]
[-52, -52, -52]
[-52, -52, -52]
[-52, -52, -52]
[-52, -52, -52]
[-52, -52, -52]
[-52, -52, -52]
[-52, -52, -52]
[-52, -52, -52]
[-52, -52, -52]
[-52, -52, -52]
[-52, -52, -52]
[-52, -52, -52]
[-52, -52, -52]
[-52, -52, -52]
[-52, -52, -52]
[-52, -52, -52]
[-52, -52, -52]
[-52, -52, -52]
[-52, -52, -52]
[-52, -52, -52]
[-52, -52, -52]
[-52, -52, -52]
[-52, -52, -52]
[-52, -52, -52]
[-52, -52, -52]
[-52, -52, -52]
[-52, -52, -52]
[-52, -52, -52]
[-52, -52, -52]
[-52, -52, -52]
[-52, -52, -52]
[-52, -52, -52]
[-52, -52, -52]
[-52, -52, -52]
[-52, -52, -52]
[-52, -52, -52]
[-52, -52, -52]
[-52, -52, -52]
[-52, -52, -52]
[-52, -52, -52]
[-52, -52, -52]
[-52, -52, -52]
[-52, -52, -52]
[-52, -52, -52]
[-52, -52, -52]
[-52, -52, -52]
[-52, -52, -52]
[-52, -52, -52]
[-52, -52, -52]
[-52, -52, -52]
[-52, -52, -52]
[-52, -52, -52]
[-52, -52, -52]
[-52, -52, -52]
[-52, -52, -52]
[-52, -52, -52]
[-52, -52, -52]
[-52, -52, -52]
[-52, -52, -52]
[-52, -52, -52]
[-52, -52, -52]
[-52, -52, -52]
[-52, -52, -52]
[-52, -52, -52]
[-52, -52, -52]
[-52, -52, -52]
[-52, -52, -52]
[-52, -52, -52]
[-52, -52, -52]
[-52, -52, -52]
[-52, -52, -52]
[-52, -52, -52]
[-52, -52, -52]
[-52, -52, -52]
[-52, -52, -52]
[-52, -52, -52]
[-52, -52, -52]
[-52, -52, -52]
[-52, -52, -52]
[-52, -52, -52]
[-52, -52, -52]
[-52, -52, -52]
[-52, -52, -52]
[-52, -52, -52]
[-52, -52, -52]
[-52, -52, -52]
[-52, -52, -52]
[-52, -52, -52]
[-52, -52, -52]
[-52, -52, -52]
[-52, -52, -52]
[-52, -52, -52]
[-52, -52, -52]
[-52, -52, -52]
[-52, -52, -52]
[-52, -52, -52]
[-52, -52, -52]
[-52, -52, -52]
[-52, -52, -52]
[-52, -52, -52]
[-52, -52, -52]
[-52, -52, -52]
[-52, -52, -52]
[-52, -52, -52]
[-52, -52, -52]
[-52, -52, -52]
[-52, -52, -52]
[-52, -52, -52]
[-52, -52, -52]
[-52, -52, -52]
[-52, -52, -52]
[-52, -52, -52]
[-52, -52, -52]
[-52, -52, -52]
[-52, -52, -52]
[-52, -52, -52]
[-52, -52, -52]
[-52, -52, -52]
[-52, -52, -52]
[-52, -52, -52]
[-52, -52, -52]
[-52, -52, -52]
[-52, -52, -52]
[-52, -52, -52]
[-52, -52, -52]
[-52, -52, -52]
[-52, -52, -52]
[-52, -52, -52]
[-52, -52, -52]
[-52, -52, -52]
[-52, -52, -52]
[-52, -52, -52]
[-52, -52, -52]
[-52, -52, -52]
[-52, -52, -52]
[-52, -52, -52]
[-52, -52, -52]
[-52, -52, -52]
[-52, -52, -52]
[-52, -52, -52]
[-52, -52, -52]
[-52, -52, -52]
[-52, -52, -52]
[-52, -52, -52]
[-52, -52, -52]
[-52, -52, -52]
[-52, -52, -52]
[-52, -52, -52]
[-52, -52, -52]
[-52, -52, -52]
[-52, -52, -52]
[-52, -52, -52]
[-52, -52, -52]
[-52, -52, -52]
[-52, -52, -52]
[-52, -52, -52]
[-52, -52, -52]
[-52, -52, -52]
[-52, -52, -52]
[-52, -52, -52]
[-52, -52, -52]
[-52, -52, -52]
[-52, -52, -52]
[-52, -52, -52]
[-52, -52, -52]
[-52, -52, -52]
[-52, -52, -52]
[-52, -52, -52]
[-52, -52, -52]
[-52, -52, -52]
[-52, -52, -52]
[-52, -52, -52]
[-52, -52, -52]
[-52, -52, -52]
[-52, -52, -52]
[-52, -52, -52]
[-52, -52, -52]
[-52, -52, -52]
[-52, -52, -52]
[-52, -52, -52]
[-52, -52, -52]
[-52, -52, -52]
[-52, -52, -52]
[-52, -52, -52]
[-52, -52, -52]
[-52, -52, -52]
[-52, -52, -52]
[-52, -52, -52]
[-52, -52, -52]
[-52, -52, -52]
[-52, -52, -52]
[-52, -52, -52]
[-52, -52, -52]
[-52, -52, -52]
[-52, -52, -52]
[-52, -52, -52]
[-52, -52, -52]
[-52, -52, -52]
[-52, -52, -52]
[-52, -52, -52]
[-52, -52, -52]
[-52, -52, -52]
[-52, -52, -52]
[-52, -52, -52]
[-52, -52, -52]
[-52, -52, -52]
[-52, -52, -52]
[-52, -52, -52]
[-52, -52, -52]
[-52, -52, -52]
[-52, -52, -52]
[-52, -52, -52]
[-52, -52, -52]
[-52, -52, -52]
[-52, -52, -52]
[-52, -52, -52]
[-52, -52, -52]
[-52, -52, -52]
[-52, -52, -52]
[-52, -52, -52]
[-52, -52, -52]
[-52, -52, -52]
[-52, -52, -52]
[-52, -52, -52]
[-52, -52, -52]
[-52, -52, -52]
[-52, -52, -52]
[-52, -52, -52]
[-52, -52, -52]
[-52, -52, -52]
[-52, -52, -52]
[-52, -52, -52]
[-52, -52, -52]
[-52, -52, -52]
[-52, -52, -52]
[-52, -52, -52]
[-52, -52, -52]
[-52, -52, -52]
[-52, -52, -52]
[-52, -52, -52]
[-52, -52, -52]
[-52, -52, -52]
[-52, -52, -52]
[-52, -52, -52]
[-52, -52, -52]
[-52, -52, -52]
[-52, -52, -52]
[-52, -52, -52]
[-52, -52, -52]
[-52, -52, -52]
[-52, -52, -52]
[-52, -52, -52]
[-52, -52, -52]
[-52, -52, -52]
[-52, -52, -52]
[-52, -52, -52]
[-52, -52, -52]
[-52, -52, -52]
[-52, -52, -52]
[-52, -52, -52]
[-52, -52, -52]
[-52, -52, -52]
[-52, -52, -52]
[-52, -52, -52]
[-52, -52, -52]
[-52, -52, -52]
[-52, -52, -52]
[-52, -52, -52]
[-52, -52, -52]
[-52, -52, -52]
[-52, -52, -52]
[-52, -52, -52]
[-52, -52, -52]
[-52, -52, -52]
[-52, -52, -52]
[-52, -52, -52]
[-52, -52, -52]
[-52, -52, -52]
[-52, -52, -52]
[-52, -52, -52]
[-52, -52, -52]
[-52, -52, -52]
[-52, -52, -52]
[-52, -52, -52]
[-52, -52, -52]
[-52, -52, -52]
[-52, -52, -52]
[-52, -52, -52]
[-52, -52, -52]
[-52, -52, -52]
[-52, -52, -52]
[-52, -52, -52]
[-52, -52, -52]
[-52, -52, -52]
[-52, -52, -52]
[-52, -52, -52]
[-52, -52, -52]
[-52, -52, -52]
[-52, -52, -52]
[-52, -52, -52]
[-52, -52, -52]
[-52, -52, -52]
[-52, -52, -52]
[-52, -52, -52]
[-52, -52, -52]
[-52, -52, -52]
[-52, -52, -52]
[-52, -52, -52]
[-52, -52, -52]
[-52, -52, -52]
[-52, -52, -52]
[-52, -52, -52]
[-52, -52, -52]
[-52, -52, -52]
[-52, -52, -52]
[-52, -52, -52]
[-52, -52, -52]
[-52, -52, -52]
[-52, -52, -52]
[-52, -52, -52]
[-52, -52, -52]
[-52, -52, -52]
[-52, -52, -52]
[-52, -52, -52]
[-52, -52, -52]
[-52, -52, -52]
[-52, -52, -52]
[-52, -52, -52]
[-52, -52, -52]
[-52, -52, -52]
[-52, -52, -52]
[-52, -52, -52]
[-52, -52, -52]
[-52, -52, -52]
[-52, -52, -52]
[-52, -52, -52]
[-52, -52, -52]
[-52, -52, -52]
[-52, -52, -52]
[-52, -52, -52]
[-52, -52, -52]
[-52, -52, -52]
[-52, -52, -52]
[-52, -52, -52]
[-52, -52, -52]
[-52, -52, -52]
[-52, -52, -52]
[-52, -52, -52]
[-52, -52, -52]
[-52, -52, -52]
[-52, -52, -52]
[-52, -52, -52]
[-52, -52, -52]
[-52, -52, -52]
[-52, -52, -52]
[-52, -52, -52]
[-52, -52, -52]
[-52, -52, -52]
[-52, -52, -52]
[-52, -52, -52]
[-52, -52, -52]
[-52, -52, -52]
[-52, -52, -52]
[-52, -52, -52]
[-52, -52, -52]
[-52, -52, -52]
[-52, -52, -52]
[-52, -52, -52]
[-52, -52, -52]
[-52, -52, -52]
[-52, -52, -52]
[-52, -52, -52]
[-52, -52, -52]
[-52, -52, -52]
[-52, -52, -52]
[-52, -52, -52]
[-52, -52, -52]
[-52, -52, -52]
[-52, -52, -52]
[-52, -52, -52]
[-52, -52, -52]
[-52, -52, -52]
[-52, -52, -52]
[-52, -52, -52]
[-52, -52, -52]
[-52, -52, -52]
[-52, -52, -52]
[-52, -52, -52]
[-52, -52, -52]
[-52, -52, -52]
[-52, -52, -52]
[-52, -52, -52]
[-52, -52, -52]
[-52, -52, -52]
[-52, -52, -52]
[-52, -52, -52]
[-52, -52, -52]
[-52, -52, -52]
[-52, -52, -52]
[-52, -52, -52]
[-52, -52, -52]
[-52, -52, -52]
[-52, -52, -52]
[-52, -52, -52]
[-52, -52, -52]
[-52, -52, -52]
[-52, -52, -52]
[-52, -52, -52]
[-52, -52, -52]
[-52, -52, -52]
[-52, -52, -52]
[-52, -52, -52]
[-52, -52, -52]
[-52, -52, -52]
[-52, -52, -52]
[-52, -52, -52]
[-52, -52, -52]
[-52, -52, -52]
[-52, -52, -52]
[-52, -52, -52]
[-52, -52, -52]
[-52, -52, -52]
[-52, -52, -52]
[-52, -52, -52]
[-52, -52, -52]
[-52, -52, -52]
[-52, -52, -52]
[-52, -52, -52]
[-52, -52, -52]
[-52, -52, -52]
[-52, -52, -52]
[-52, -52, -52]
[-52, -52, -52]
[-52, -52, -52]
[-52, -52, -52]
[-52, -52, -52]
[-52, -52, -52]
[-52, -52, -52]
[-52, -52, -52]
[-52, -52, -52]
[-52, -52, -52]
[-52, -52, -52]
[-52, -52, -52]
[-52, -52, -52]
[-52, -52, -52]
[-52, -52, -52]
[-52, -52, -52]
[-52, -52, -52]
[-52, -52, -52]
[-52, -52, -52]
[-52, -52, -52]
[-52, -52, -52]
[-52, -52, -52]
[-52, -52, -52]
[-52, -52, -52]
[-52, -52, -52]
[-52, -52, -52]
[-52, -52, -52]
[-52, -52, -52]
[-52, -52, -52]
[-52, -52, -52]
[-52, -52, -52]
[-52, -52, -52]
[-52, -52, -52]
[-52, -52, -52]
[-52, -52, -52]
[-52, -52, -52]
[-52, -52, -52]
[-52, -52, -52]
[-52, -52, -52]
[-52, -52, -52]
[-52, -52, -52]
[-52, -52, -52]
[-52, -52, -52]
[-52, -52, -52]
[-52, -52, -52]
[-52, -52, -52]
[-52, -52, -52]
[-52, -52, -52]
[-52, -52, -52]
[-52, -52, -52]
[-52, -52, -52]
[-52, -52, -52]
[-52, -52, -52]
[-52, -52, -52]
[-52, -52, -52]
[-52, -52, -52]
[-52, -52, -52]
[-52, -52, -52]
[-52, -52, -52]
[-52, -52, -52]
[-117, -49, -24]
[-117, -49, -24]
[-117, -49, -24]
[-117, -49, -24]
[-117, -49, -24]
[-117, -49, -24]
[-117, -49, -24]
[-1, 117, 16]
[-1, 117, 16]
[-1, 117, 16]
[-1, 117, 16]
[-1, 117, 16]
[-1, 117, 16]
[-1, 117, 16]
[-1, 117, 16]
[-1, 117, 16]
[-1, 117, 16]
[-1, 117, 16]
[-1, 117, 16]
[-1, 117, 16]
[-1, 117, 16]
[-1, 117, 16]
[-1, 117, 16]
[-1, 117, 16]
[-1, 117, 16]
[-1, 117, 16]
[-1, 117, 16]
[-1, 117, 16]
[-1, 117, 16]
[-1, 117, 16]
[-1, 117, 16]
[-1, 117, 16]
[-1, 117, 16]
[-1, 117, 16]
[-1, 117, 16]
[-1, 117, 16]
[-1, 117, 16]
[-1, 117, 16]
[-1, 117, 16]
[-1, 117, 16]
[-1, 117, 16]
[-1, 117, 16]
[-1, 117, 16]
[-1, 117, 16]
[-1, 117, 16]
[-1, 117, 16]
[-1, 117, 16]
[-1, 117, 16]
[-1, 117, 16]
[-1, 117, 16]
[-1, 117, 16]
[-1, 117, 16]
[-1, 117, 16]
[-1, 117, 16]
[-1, 117, 16]
[-1, 117, 16]
[-1, 117, 16]
[-1, 117, 16]
[-1, 117, 16]
[-1, 117, 16]
[-1, 117, 16]
[-1, 117, 16]
[-1, 117, 16]
[-1, 117, 16]
[-1, 117, 16]
[-1, 117, 16]
[-1, 117, 16]
[-1, 117, 16]
[-1, 117, 16]
[-1, 117, 16]
[-1, 117, 16]
[-1, 117, 16]
[8, -115, 4]
[8, -115, 4]
[8, -115, 4]
[8, -115, 4]
[8, -115, 4]
[8, -115, 4]
[15, -73, 6]
[15, -73, 6]
[15, -73, 6]
[15, -73, 6]
[62, 0, 0]
[62, 0, 0]
[62, 0, 0]
[62, 0, 0]
[62, 0, 0]
[62, 0, 0]
[62, 0, 0]
[62, 0, 0]
[62, 0, 0]
[62, 0, 0]
[62, 0, 0]
[62, 0, 0]
[62, 0, 0]
[62, 0, 0]
[-63, -32, 2]
[-63, -32, 2]
[-63, -32, 2]
[-63, -32, 2]
[-63, -32, 2]
[-63, -32, 2]
[-63, -32, 2]
[-63, -32, 2]
[0, 116, 8]
[0, 116, 8]
[0, 116, 8]
[0, -128, 125]
[0, -128, 125]
[0, -128, 125]
[0, -128, 125]
[0, -128, 125]
[0, -128, 125]
[0, -128, 125]
[-52, -52, 85]
[-52, -52, 85]
[-52, -52, 85]
[-52, -52, 85]
[-52, -52, 85]
[-52, -52, 85]
[-52, -52, 85]
[-52, -52, 85]
[-52, -52, 85]
[-52, -52, 85]
[-52, -52, 85]
[-52, -52, 85]
[-52, -52, 85]
[-52, -52, 85]
[-52, -52, 85]
[-52, -52, 85]
[-52, -52, 85]
[-52, -52, 85]
[-52, -52, 85]
[-52, -52, 85]
[-52, -52, 85]
[-52, -52, 85]
[-52, -52, 85]
[-52, -52, 85]
[-52, -52, 85]
[-52, -52, 85]
[-52, -52, 85]
[-52, -52, 85]
[-52, -52, 85]
[-52, -52, 85]
[-52, -52, 85]
[-52, -52, 85]
[-52, -52, 85]
[-52, -52, 85]
[-52, -52, 85]
[-52, -52, 85]
[-52, -52, 85]
[-52, -52, 85]
[-52, -52, 85]
[-52, -52, 85]
[-52, -52, 85]
[-52, -52, 85]
[-52, -52, 85]
[-52, -52, 85]
[-52, -52, 85]
[-52, -52, 85]
[-52, -52, 85]
[-52, -52, 85]
[-52, -52, 85]
[-52, -52, 85]
[-52, -52, 85]
[-52, -52, 85]
[-52, -52, 85]
[-52, -52, 85]
[-52, -52, 85]
[-52, -52, 85]
[-52, -52, 85]
[-52, -52, 85]
[-52, -52, 85]
[-52, -52, 85]
[-52, -52, 85]
[-52, -52, 85]
[-52, -52, 85]
[-52, -52, 85]
[-52, -52, 85]
[-52, -52, 85]
[-52, -52, 85]
[-52, -52, 85]
[-52, -52, 85]
[-52, -52, 85]
[-52, -52, 85]
[-52, -52, 85]
[-52, -52, 85]
[-52, -52, 85]
[-52, -52, 85]
[-52, -52, 85]
[-52, -52, 85]
[-52, -52, 85]
[-52, -52, 85]
[-52, -52, 85]
[-52, -52, 85]
[-52, -52, 85]
[-52, -52, 85]
[-52, -52, 85]
[-52, -52, 85]
[-52, -52, 85]
[-52, -52, 85]
[-52, -52, 85]
[-52, -52, 85]
[-52, -52, 85]
[-52, -52, 85]
[-52, -52, 85]
[-52, -52, 85]
[-52, -52, 85]
[-52, -52, 85]
[-52, -52, 85]
[-52, -52, 85]
[-49, -1, -1]
[-49, -1, -1]
[-49, -1, -1]
[-49, -1, -1]
[-49, -1, -1]
[-49, -1, -1]
[-49, -1, -1]
[-49, -1, -1]
[-49, -1, -1]
[-49, -1, -1]
[-49, -1, -1]
[0, 0, -58]
[0, 0, -58]
[0, 0, -58]
[0, 0, -58]
[0, 0, -58]
[0, 0, -58]
[0, 0, -58]
[0, 0, -58]
[0, 0, -58]
[0, 0, -58]
[0, 0, -58]
[0, 0, -58]
[0, 0, -58]
[0, 0, -58]
[0, 0, -58]
[0, 0, -58]
[0, 0, -58]
[0, 0, -58]
[0, 0, -58]
[0, 0, -58]
[0, 0, -58]
[0, 0, -58]
[0, 0, -58]
[0, 0, -58]
[0, 0, -58]
[0, 0, -58]
[0, 0, -58]
[0, 0, -58]
[0, 0, -58]
[0, 0, -58]
[0, 0, -58]
[0, 0, -58]
[0, 0, -58]
[0, 0, -58]
[0, 0, -58]
[-1, 80, 8]
[-1, 80, 8]
[-1, 80, 8]
[80, 87, -115]
[80, 87, -115]
[80, 87, -115]
[80, 87, -115]
[-4, 4, 80]
[49, 0, 0]
[49, 0, 0]
[49, 0, 0]
[49, 0, 0]
[49, 0, 0]
[49, 0, 0]
[49, 0, 0]
[-60, 4, 51]
[-60, 4, 51]
[-60, 4, 51]
[-60, 4, 51]
[-60, 4, 51]
[-60, 4, 51]
[-60, 4, 51]
[-60, 4, 51]
[-60, 4, 51]
[-60, 4, 51]
[-60, 4, 51]
[-60, 4, 51]
[-60, 4, 51]
[-60, 4, 51]
[-60, 4, 51]
[-60, 4, 51]
[-20, 0, 0]
[-20, 0, 0]
[-12, 100, -119]
[-12, 100, -119]
[-12, 100, -119]
[-12, 100, -119]
[-12, 100, -119]
[-12, 100, -119]
[-12, 100, -119]
[-12, 100, -119]
[-12, 100, -119]
[-12, 100, -119]
[-12, 100, -119]
[-12, 100, -119]
[-12, 100, -119]
[-12, 100, -119]
[-12, 100, -119]
[-12, 100, -119]
[-12, 100, -119]
[-12, 100, -119]
[-12, 100, -119]
[-12, 100, -119]
[-12, 100, -119]
[-12, 100, -119]
[-12, 100, -119]
[-64, -57, 70]
[-64, -57, 70]
[-64, -57, 70]
[-64, -57, 70]
[-64, -57, 70]
[-64, -57, 70]
[-64, -57, 70]
[-64, -57, 70]
[-64, -57, 70]
[69, -28, 0]
[80, -115, 70]
[80, 86, -24]
[80, 86, -24]
[80, 86, -24]
[80, 86, -24]
[80, 86, -24]
[80, 86, -24]
[80, 86, -24]
[80, 86, -24]
[80, 86, -24]
[80, 86, -24]
[0, 8, 0]
[0, 8, 0]
[0, 8, 0]
[0, 8, 0]
[0, 8, 0]
[0, 8, 0]
[0, 8, 0]
[0, 8, 0]
[0, 8, 0]
[0, 8, 0]
[0, 8, 0]
[0, 8, 0]
[0, 8, 0]
[0, 8, 0]
[0, 8, 0]
[0, 8, 0]
[0, 8, 0]
[0, 8, 0]
[0, 8, 0]
[0, 8, 0]
[0, 8, 0]
[0, 8, 0]
[0, 8, 0]
[0, 8, 0]
[0, 8, 0]
[0, 8, 0]
[0, 8, 0]
[0, 8, 0]
[0, 8, 0]
[0, 8, 0]
[0, 8, 0]
[0, 8, 0]
[0, 8, 0]
[0, 8, 0]
[0, 8, 0]
[0, 8, 0]
[0, 8, 0]
[0, 8, 0]
[0, 8, 0]
[0, 8, 0]
[0, 8, 0]
[0, 8, 0]
[0, 8, 0]
[0, 8, 0]
[0, 8, 0]
[0, 8, 0]
[0, 8, 0]
[33, 0, 0]
[33, 0, 0]
[33, 0, 0]
[33, 0, 0]
[33, 0, 0]
[33, 0, 0]
[33, 0, 0]
[33, 0, 0]
[33, 0, 0]
[33, 0, 0]
[33, 0, 0]
[33, 0, 0]
[33, 0, 0]
[33, 0, 0]
[33, 0, 0]
[33, 0, 0]
[33, 0, 0]
[-2, -1, -1]
[-2, -1, -1]
[-2, -1, -1]
[-2, -1, -1]
[-2, -1, -1]
[-2, -1, -1]
[-2, -1, -1]
[-2, -1, -1]
[-2, -1, -1]
[-2, -1, -1]
[-2, -1, -1]
[-2, -1, -1]
[-2, -1, -1]
[-2, -1, -1]
[-2, -1, -1]
[-2, -1, -1]
[-2, -1, -1]
[-2, -1, -1]
[-2, -1, -1]
[-2, -1, -1]
[-2, -1, -1]
[-2, -1, -1]
[-2, -1, -1]
[-2, -1, -1]
[-2, -1, -1]
[-2, -1, -1]
[-2, -1, -1]
[-2, -1, -1]
[-2, -1, -1]
[-2, -1, -1]
[-2, -1, -1]
[-2, -1, -1]
[-2, -1, -1]
[-2, -1, -1]
[-2, -1, -1]
[-2, -1, -1]
[-2, -1, -1]
[-2, -1, -1]
[-2, -1, -1]
[-2, -1, -1]
[-2, -1, -1]
[-2, -1, -1]
[-2, -1, -1]
[-2, -1, -1]
[-2, -1, -1]
[-2, -1, -1]
[-2, -1, -1]
[-2, -1, -1]
[-2, -1, -1]
[-2, -1, -1]
[-2, -1, -1]
[-2, -1, -1]
[-2, -1, -1]
[-2, -1, -1]
[-2, -1, -1]
[-2, -1, -1]
[-2, -1, -1]
[-2, -1, -1]
[-2, -1, -1]
[-2, -1, -1]
[-2, -1, -1]
[-2, -1, -1]
[-2, -1, -1]
[-2, -1, -1]
[-2, -1, -1]
[-2, -1, -1]
[-2, -1, -1]
[-2, -1, -1]
[-2, -1, -1]
[-2, -1, -1]
[-2, -1, -1]
[-2, -1, -1]
[-2, -1, -1]
[-2, -1, -1]
[-2, -1, -1]
[-2, -1, -1]
[-2, -1, -1]
[-2, -1, -1]
[-2, -1, -1]
[-2, -1, -1]
[-2, -1, -1]
[-2, -1, -1]
[-2, -1, -1]
[-2, -1, -1]
[-2, -1, -1]
[-2, -1, -1]
[-2, -1, -1]
[-2, -1, -1]
[-2, -1, -1]
[-2, -1, -1]
[-2, -1, -1]
[-2, -1, -1]
[-2, -1, -1]
[-2, -1, -1]
[-2, -1, -1]
[-2, -1, -1]
[-2, -1, -1]
[-2, -1, -1]
[-2, -1, -1]
[-2, -1, -1]
[-2, -1, -1]
[-2, -1, -1]
[-2, -1, -1]
[-2, -1, -1]
[-2, -1, -1]
[-2, -1, -1]
[-2, -1, -1]
[-2, -1, -1]
[-2, -1, -1]
[-2, -1, -1]
[-2, -1, -1]
[-2, -1, -1]
[-2, -1, -1]
[-2, -1, -1]
[-2, -1, -1]
[-2, -1, -1]
[-2, -1, -1]
[-2, -1, -1]
[-2, -1, -1]
[-2, -1, -1]
[-2, -1, -1]
[-2, -1, -1]
[-2, -1, -1]
[-2, -1, -1]
[-2, -1, -1]
[-2, -1, -1]
[-2, -1, -1]
[-2, -1, -1]
[-2, -1, -1]
[-2, -1, -1]
[-2, -1, -1]
[-2, -1, -1]
[-2, -1, -1]
[-2, -1, -1]
[-2, -1, -1]
[-2, -1, -1]
[-2, -1, -1]
[-2, -1, -1]
[-2, -1, -1]
[-2, -1, -1]
[-2, -1, -1]
[-2, -1, -1]
[-2, -1, -1]
[-2, -1, -1]
[-2, -1, -1]
[-2, -1, -1]
[-2, -1, -1]
[-2, -1, -1]
[-2, -1, -1]
[-2, -1, -1]
[-2, -1, -1]
[-2, -1, -1]
[-2, -1, -1]
[-2, -1, -1]
[-2, -1, -1]
[-2, -1, -1]
[-2, -1, -1]
[-2, -1, -1]
[-2, -1, -1]
[-2, -1, -1]
[-2, -1, -1]
[-2, -1, -1]
[-2, -1, -1]
[-2, -1, -1]
[-2, -1, -1]
[-2, -1, -1]
[-2, -1, -1]
[-2, -1, -1]
[-2, -1, -1]
[-2, -1, -1]
[-2, -1, -1]
[-2, -1, -1]
[-2, -1, -1]
[-2, -1, -1]
[-2, -1, -1]
[-2, -1, -1]
[-2, -1, -1]
[-2, -1, -1]
[-2, -1, -1]
[-2, -1, -1]
[-2, -1, -1]
[-2, -1, -1]
[-2, -1, -1]
[-2, -1, -1]
[-2, -1, -1]
[-2, -1, -1]
[-2, -1, -1]
[-2, -1, -1]
[-2, -1, -1]
[-2, -1, -1]
[-2, -1, -1]
[-2, -1, -1]
[-2, -1, -1]
[-2, -1, -1]
[-2, -1, -1]
[-2, -1, -1]
[-2, -1, -1]
[-2, -1, -1]
[-2, -1, -1]
[-2, -1, -1]
[-2, -1, -1]
[-2, -1, -1]
[-2, -1, -1]
[-2, -1, -1]
[-2, -1, -1]
[-2, -1, -1]
[-2, -1, -1]
[-2, -1, -1]
[-2, -1, -1]
[-2, -1, -1]
[-2, -1, -1]
[-2, -1, -1]
[-2, -1, -1]
[-2, -1, -1]
[-2, -1, -1]
[-2, -1, -1]
[-2, -1, -1]
[-2, -1, -1]
[-2, -1, -1]
[-2, -1, -1]
[-2, -1, -1]
[-2, -1, -1]
[-2, -1, -1]
[-2, -1, -1]
[-2, -1, -1]
[-2, -1, -1]
[-2, -1, -1]
[-2, -1, -1]
[-2, -1, -1]
[-2, -1, -1]
[-2, -1, -1]
[-2, -1, -1]
[-2, -1, -1]
[-2, -1, -1]
[-2, -1, -1]
[-2, -1, -1]
[-2, -1, -1]
[-2, -1, -1]
[-2, -1, -1]
[-2, -1, -1]
[-2, -1, -1]
[-2, -1, -1]
[-2, -1, -1]
[-2, -1, -1]
[-2, -1, -1]
[-2, -1, -1]
[-2, -1, -1]
[-2, -1, -1]
[-2, -1, -1]
[-2, -1, -1]
[-2, -1, -1]
[-2, -1, -1]
[-2, -1, -1]
[-2, -1, -1]
[-2, -1, -1]
[-2, -1, -1]
[-2, -1, -1]
[-2, -1, -1]
[-2, -1, -1]
[-2, -1, -1]
[-2, -1, -1]
[-2, -1, -1]
[-2, -1, -1]
[-2, -1, -1]
[-2, -1, -1]
[-2, -1, -1]
[-2, -1, -1]
[-2, -1, -1]
[-2, -1, -1]
[-2, -1, -1]
[-2, -1, -1]
[-2, -1, -1]
[-2, -1, -1]
[-2, -1, -1]
[-2, -1, -1]
[-2, -1, -1]
[-2, -1, -1]
[-2, -1, -1]
[-2, -1, -1]
[-2, -1, -1]
[-2, -1, -1]
[-2, -1, -1]
[-2, -1, -1]
[-2, -1, -1]
[-2, -1, -1]
[-2, -1, -1]
[-2, -1, -1]
[-2, -1, -1]
[-2, -1, -1]
[-2, -1, -1]
[-2, -1, -1]
[-2, -1, -1]
[-2, -1, -1]
[-2, -1, -1]
[-2, -1, -1]
[-2, -1, -1]
[-2, -1, -1]
[-2, -1, -1]
[-2, -1, -1]
[-2, -1, -1]
[-2, -1, -1]
[-2, -1, -1]
[-2, -1, -1]
[-2, -1, -1]
[-2, -1, -1]
[-2, -1, -1]
[-2, -1, -1]
[-2, -1, -1]
[-2, -1, -1]
[-2, -1, -1]
[-2, -1, -1]
[-2, -1, -1]
[-2, -1, -1]
[-2, -1, -1]
[-2, -1, -1]
[-2, -1, -1]
[-2, -1, -1]
[-2, -1, -1]
[-2, -1, -1]
[-2, -1, -1]
[0, 106, 1]
[0, 106, 1]
[0, 106, 1]
[0, 106, 1]
[0, 106, 1]
[0, 106, 1]
[0, 106, 1]
[0, 106, 1]
[0, 106, 1]
[0, 106, 1]
[0, 106, 1]
[0, 106, 1]
[0, 106, 1]
[0, 106, 1]
[0, 106, 1]
[0, 106, 1]
[0, 106, 1]
[0, 106, 1]
[0, 106, 1]
[100, -119, 13]
[100, -119, 13]
[100, -119, 13]
[100, -119, 13]
[100, -119, 13]
[100, -119, 13]
[100, -119, 13]
[100, -119, 13]
[100, -119, 13]
[100, -119, 13]
[100, -119, 13]
[100, -119, 13]
[100, -119, 13]
[100, -119, 13]
[100, -119, 13]
[100, -119, 13]
[100, -119, 13]
[100, -119, 13]
[100, -119, 13]
[100, -119, 13]
[100, -119, 13]
[100, -119, 13]
[100, -119, 13]
[100, -119, 13]
[100, -119, 13]
[100, -119, 13]
[100, -119, 13]
[100, -119, 13]
[100, -119, 13]
[100, -119, 13]
[100, -119, 13]
[100, -119, 13]
[100, -119, 13]
[100, -119, 13]
[100, -119, 13]
[100, -119, 13]
[100, -119, 13]
[100, -119, 13]
[100, -119, 13]
[100, -119, 13]
[100, -119, 13]
[100, -119, 13]
[100, -119, 13]
[100, -119, 13]
[100, -119, 13]
[100, -119, 13]
[100, -119, 13]
[100, -119, 13]
[100, -119, 13]
[100, -119, 13]
[100, -119, 13]
[100, -119, 13]
[100, -119, 13]
[100, -119, 13]
[100, -119, 13]
[100, -119, 13]
[3, -117, 93]
[-125, 120, 20]
[-125, 120, 20]
[-125, 120, 20]
[87, 80, -115]
[87, 80, -115]
[87, 80, -115]
[87, 80, -115]
[87, 80, -115]
[87, 80, -115]
[87, 80, -115]
[87, 80, -115]
[87, 80, -115]
[87, 80, -115]
[87, 80, -115]
[87, 80, -115]
[-125, -8, 16]
[-125, -8, 16]
[-125, -8, 16]
[-125, -8, 16]
[-125, -8, 16]
[-125, -8, 16]
[-125, -8, 16]
[-125, -8, 16]
[-125, -8, 16]
[-125, -8, 16]
[-125, -8, 16]
[-125, -8, 16]
[-125, -8, 16]
[-125, -8, 16]
[-125, -8, 16]
[-125, -8, 16]
[-125, -8, 16]
[-125, -8, 16]
[-125, -8, 16]
[-125, -8, 16]
[-125, -8, 16]
[-125, -8, 16]
[-125, -8, 16]
[-125, -8, 16]
[69, 20, 3]
[69, 20, 3]
[69, 20, 3]
[69, 20, 3]
[0, 0, -117]
[0, 0, -117]
[0, 0, -117]
[0, 0, -117]
[0, 0, -117]
[0, 0, -117]
[0, 0, -117]
[0, 0, -117]
[0, 0, -117]
[0, 0, -117]
[0, 0, -117]
[0, 0, -117]
[0, 0, -117]
[0, 0, -117]
[0, 0, -117]
[0, 0, -117]
[0, 0, -117]
[0, 0, -117]
[0, 0, -117]
[0, 0, -117]
[0, 0, -117]
[0, 0, -117]
[0, 0, -117]
[0, 0, -117]
[0, 0, -117]
[0, 0, -117]
[0, 0, -117]
[0, 0, -117]
[0, 0, -117]
[0, 0, -117]
[0, 0, -117]
[0, 0, -117]
[0, 0, -117]
[0, 0, -117]
[0, 0, -117]
[0, 0, -117]
[0, 0, -117]
[0, 0, -117]
[0, 0, -117]
[0, 0, -117]
[0, 0, -117]
[0, 0, -117]
[0, 0, -117]
[0, 0, -117]
[0, 0, -117]
[0, 0, -117]
[0, 0, -117]
[0, 0, -117]
[0, 0, -117]
[0, 0, -117]
[0, 0, -117]
[0, 0, -117]
[0, 0, -117]
[0, 0, -117]
[0, 0, -117]
[0, 0, -117]
[0, 0, -117]
[0, 0, -117]
[0, 0, -117]
[0, 0, -117]
[0, 0, -117]
[0, 0, -117]
[0, 0, -117]
[0, 0, -117]
[0, 0, -117]
[0, 0, -117]
[0, 0, -117]
[0, 0, -117]
[0, 0, -117]
[0, 0, -117]
[0, 0, -117]
[0, 0, -117]
[0, 0, -117]
[0, 0, -117]
[0, 0, -117]
[0, 0, -117]
[0, 0, -117]
[0, 0, -117]
[0, 0, -117]
[0, 0, -117]
[0, 0, -117]
[0, 0, -117]
[0, 0, -117]
[0, 0, -117]
[0, 0, -117]
[0, 0, -117]
[0, 0, -117]
[0, 0, -117]
[0, 0, -117]
[0, 0, -117]
[0, 0, -117]
[0, 0, -117]
[0, 0, -117]
[0, 0, -117]
[0, 0, -117]
[0, 0, -117]
[0, 0, -117]
[0, 0, -117]
[0, 0, -117]
[0, 0, -117]
[0, 0, -117]
[0, 0, -117]
[0, 0, -117]
[0, 0, -117]
[0, 0, -117]
[0, 0, -117]
[0, 0, -117]
[0, 0, -117]
[0, 0, -117]
[0, 0, -117]
[0, 0, -117]
[0, 0, -117]
[0, 0, -117]
[0, 0, -117]
[0, 0, -117]
[0, 0, -117]
[0, 0, -117]
[0, 0, -117]
[0, 0, -117]
[0, 0, -117]
[0, 0, -117]
[0, 0, -117]
[0, 0, -117]
[0, 0, -117]
[0, 0, -117]
[0, 0, -117]
[0, 0, -117]
[0, 0, -117]
[0, 0, -117]
[0, 0, -117]
[0, 0, -117]
[0, 0, -117]
[0, 0, -117]
[0, 0, -117]
[0, 0, -117]
[0, 0, -117]
[0, 0, -117]
[0, 0, -117]
[0, 0, -117]
[0, 0, -117]
[0, 0, -117]
[0, 0, -117]
[0, 0, -117]
[0, 0, -117]
[0, 0, -117]
[0, 0, -117]
[0, 0, -117]
[0, 0, -117]
[0, 0, -117]
[0, 0, -117]
[0, 0, -117]
[0, 0, -117]
[0, 0, -117]
[0, 0, -117]
[0, 0, -117]
[0, 0, -117]
[0, 0, -117]
[0, 0, -117]
[0, 0, -117]
[0, 0, -117]
[0, 0, -117]
[0, 0, -117]
[0, 0, -117]
[0, 0, -117]
[0, 0, -117]
[0, 0, -117]
[0, 0, -117]
[0, 0, -117]
[0, 0, -117]
[0, 0, -117]
[0, 0, -117]
[0, 0, -117]
[0, 0, -117]
[0, 0, -117]
[0, 0, -117]
[0, 0, -117]
[0, 0, -117]
[0, 0, -117]
[0, 0, -117]
[0, 0, -117]
[0, 0, -117]
[0, 0, -117]
[0, 0, -117]
[0, 0, -117]
[0, 0, -117]
[0, 0, -117]
[0, 0, -117]
[0, 0, -117]
[0, 0, -117]
[0, 0, -117]
[0, 0, -117]
[0, 0, -117]
[0, 0, -117]
[0, 0, -117]
[0, 0, -117]
[0, 0, -117]
[0, 0, -117]
[0, 0, -117]
[0, 0, -117]
[0, 0, -117]
[0, 0, -117]
[0, 0, -117]
[0, 0, -117]
[0, 0, -117]
[0, 0, -117]
[0, 0, -117]
[0, 0, -117]
[0, 0, -117]
[0, 0, -117]
[0, 0, -117]
[0, 0, -117]
[0, 0, -117]
[0, 0, -117]
[0, 0, -117]
[0, 0, -117]
[0, 0, -117]
[0, 0, -117]
[0, 0, -117]
[0, 0, -117]
[0, 0, -117]
[0, 0, -117]
[0, 0, -117]
[0, 0, -117]
[0, 0, -117]
[0, 0, -117]
[0, 0, -117]
[0, 0, -117]
[0, 0, -117]
[0, 0, -117]
[0, 0, -117]
[0, 0, -117]
[0, 0, -117]
[0, 0, -117]
[0, 0, -117]
[0, 0, -117]
[0, 0, -117]
[0, 0, -117]
[0, 0, -117]
[0, 0, -117]
[0, 0, -117]
[0, 0, -117]
[0, 0, -117]
[0, 0, -117]
[0, 0, -117]
[0, 0, -117]
[0, 0, -117]
[0, 0, -117]
[0, 0, -117]
[0, 0, -117]
[0, 0, -117]
[0, 0, -117]
[0, 0, -117]
[0, 0, -117]
[0, 0, -117]
[0, 0, -117]
[0, 0, -117]
[0, 0, -117]
[0, 0, -117]
[0, 0, -117]
[0, 0, -117]
[0, 0, -117]
[0, 0, -117]
[0, 0, -117]
[0, 0, -117]
[0, 0, -117]
[0, 0, -117]
[0, 0, -117]
[0, 0, -117]
[0, 0, -117]
[0, 0, -117]
[0, 0, -117]
[0, 0, -117]
[0, 0, -117]
[0, 0, -117]
[0, 0, -117]
[0, 0, -117]
[0, 0, -117]
[0, 0, -117]
[0, 0, -117]
[0, 0, -117]
[0, 0, -117]
[0, 0, -117]
[0, 0, -117]
[0, 0, -117]
[0, 0, -117]
[0, 0, -117]
[0, 0, -117]
[0, 0, -117]
[0, 0, -117]
[0, 0, -117]
[0, 0, -117]
[0, 0, -117]
[0, 0, -117]
[0, 0, -117]
[0, 0, -117]
[0, 0, -117]
[0, 0, -117]
[0, 0, -117]
[0, 0, -117]
[0, 0, -117]
[0, 0, -117]
[0, 0, -117]
[0, 0, -117]
[0, 0, -117]
[0, 0, -117]
[0, 0, -117]
[0, 0, -117]
[0, 0, -117]
[0, 0, -117]
[0, 0, -117]
[0, 0, -117]
[0, 0, -117]
[0, 0, -117]
[0, 0, -117]
[0, 0, -117]
[0, 0, -117]
[0, 0, -117]
[0, 0, -117]
[0, 0, -117]
[0, 0, -117]
[0, 0, -117]
[0, 0, -117]
[0, 0, -117]
[0, 0, -117]
[0, 0, -117]
[0, 0, -117]
[0, 0, -117]
[0, 0, -117]
[0, 0, -117]
[0, 0, -117]
[0, 0, -117]
[0, 0, -117]
[0, 0, -117]
[0, 0, -117]
[0, 0, -117]
[0, 0, -117]
[0, 0, -117]
[0, 0, -117]
[0, 0, -117]
[0, 0, -117]
[0, 0, -117]
[0, 0, -117]
[0, 0, -117]
[0, 0, -117]
[0, 0, -117]
[0, 0, -117]
[0, 0, -117]
[0, 0, -117]
[0, 0, -117]
[0, 0, -117]
[0, 0, -117]
[0, 0, -117]
[0, 0, -117]
[0, 0, -117]
[0, 0, -117]
[0, 0, -117]
[0, 0, -117]
[0, 0, -117]
[0, 0, -117]
[0, 0, -117]
[0, 0, -117]
[0, 0, -117]
[0, 0, -117]
[0, 0, -117]
[0, 0, -117]
[0, 0, -117]
[0, 0, -117]
[0, 0, -117]
[0, 0, -117]
[0, 0, -117]
[0, 0, -117]
[0, 0, -117]
[0, 0, -117]
[0, 0, -117]
[0, 0, -117]
[0, 0, -117]
[0, 0, -117]
[0, 0, -117]
[0, 0, -117]
[0, 0, -117]
[0, 0, -117]
[0, 0, -117]
[0, 0, -117]
[0, 0, -117]
[0, 0, -117]
[0, 0, -117]
[0, 0, -117]
[0, 0, -117]
[0, 0, -117]
[0, 0, -117]
[0, 0, -117]
[0, 0, -117]
[0, 0, -117]
[0, 0, -117]
[0, 0, -117]
[0, 0, -117]
[0, 0, -117]
[0, 0, -117]
[0, 0, -117]
[0, 0, -117]
[0, 0, -117]
[0, 0, -117]
[0, 0, -117]
[0, 0, -117]
[0, 0, -117]
[0, 0, -117]
[0, 0, -117]
[0, 0, -117]
[0, 0, -117]
[0, 0, -117]
[0, 0, -117]
[0, 0, -117]
[0, 0, -117]
[0, 0, -117]
[0, 0, -117]
[-117, 67, 4]
[-117, 67, 4]
[-117, 67, 4]
[117, 8, 59]
[117, 8, 59]
[-119, 75, 4]
[77, -12, 100]
[77, -12, 100]
[77, -12, 100]
[77, -12, 100]
[77, -12, 100]
[77, -12, 100]
[77, -12, 100]
[77, -12, 100]
[77, -12, 100]
[77, -12, 100]
[77, -12, 100]
[77, -12, 100]
[77, -12, 100]
[77, -12, 100]
[77, -12, 100]
[77, -12, 100]
[77, -12, 100]
[77, -12, 100]
[77, -12, 100]
[77, -12, 100]
[77, -12, 100]
[77, -12, 100]
[77, -12, 100]
[77, -12, 100]
[-117, 75, 4]
[-117, 75, 4]
[80, 106, 0]
[80, 106, 0]
[80, 106, 0]
[80, 106, 0]
[80, 106, 0]
[80, 106, 0]
[80, 106, 0]
[80, 106, 0]
[80, 106, 0]
[80, 106, 0]
[80, 106, 0]
[80, 106, 0]
[80, 106, 0]
[80, 106, 0]
[80, 106, 0]
[80, 106, 0]
[80, 106, 0]
[80, 106, 0]
[86, -117, 117]
[86, -117, 117]
[86, -117, 117]
[86, -117, 117]
[86, -117, 117]
[86, -117, 117]
[86, -117, 117]
[86, -117, 117]
[86, -117, 117]
[86, -117, 117]
[86, -117, 117]
[86, -117, 117]
[86, -117, 117]
[86, -117, 117]
[86, -117, 117]
[86, -117, 117]
[86, -117, 117]
[86, -117, 117]
[86, -117, 117]
[86, -117, 117]
[86, -117, 117]
[86, -117, 117]
[86, -117, 117]
[86, -117, 117]
[86, -117, 117]
[86, -117, 117]
[86, -117, 117]
[86, -117, 117]
[86, -117, 117]
[86, -117, 117]
[86, -117, 117]
[86, -117, 117]
[86, -117, 117]
[86, -117, 117]
[86, -117, 117]
[86, -117, 117]
[86, -117, 117]
[86, -117, 117]
[86, -117, 117]
[86, -117, 117]
[86, -117, 117]
[86, -117, 117]
[86, -117, 117]
[86, -117, 117]
[86, -117, 117]
[86, -117, 117]
[86, -117, 117]
[86, -117, 117]
[86, -117, 117]
[86, -117, 117]
[86, -117, 117]
[86, -117, 117]
[86, -117, 117]
[86, -117, 117]
[86, -117, 117]
[86, -117, 117]
[86, -117, 117]
[86, -117, 117]
[86, -117, 117]
[86, -117, 117]
[12, 0, -125]
[12, 0, -125]
[91, 93, -62]
[91, 93, -62]
[91, 93, -62]
[91, 93, -62]
[91, 93, -62]
[91, 93, -62]
[91, 93, -62]
[91, 93, -62]
[91, 93, -62]
[91, 93, -62]
[91, 93, -62]
[91, 93, -62]
[91, 93, -62]
[91, 93, -62]
[91, 93, -62]
[91, 93, -62]
[91, 93, -62]
[91, 93, -62]
[91, 93, -62]
[91, 93, -62]
[91, 93, -62]
[91, 93, -62]
[91, 93, -62]
[91, 93, -62]
[91, 93, -62]
[91, 93, -62]
[91, 93, -62]
[91, 93, -62]
[91, 93, -62]
[91, 93, -62]
[91, 93, -62]
[91, 93, -62]
[91, 93, -62]
[91, 93, -62]
[91, 93, -62]
[91, 93, -62]
[91, 93, -62]
[-115, 69, 8]
[-115, 69, 8]
[-115, 69, 8]
[-115, 69, 8]
[-115, 69, 8]
[-115, 69, 8]
[-115, 69, 8]
[-115, 69, 8]
[-115, 69, 8]
[-115, 69, 8]
[-117, 69, -4]
[-117, 69, -4]
[-117, 69, -4]
[-117, 69, -4]
[-117, 69, -4]
[-117, 69, -4]
[-117, 69, -4]
[-117, 69, -4]
[-117, 69, -4]
[-117, 69, -4]
[-117, 69, -4]
[-117, 69, -4]
[-117, 69, -4]
[-117, 69, -4]
[-117, 69, -4]
[-117, 69, -4]
[0, 0, -24]
[0, 0, -24]
[0, 0, -24]
[0, 0, -24]
[0, 0, -24]
[0, 0, -24]
[0, 0, -24]
[0, 0, -24]
[0, 0, -24]
[0, 0, -24]
[0, 0, -24]
[0, 0, -24]
[0, 0, -24]
[0, 0, -24]
[0, 0, -24]
[0, 0, -24]
[0, 0, -24]
[0, 0, -24]
[0, 0, -24]
[0, 0, -24]
[0, 0, -24]
[0, 0, -24]
[0, 0, -24]
[0, 0, -24]
[0, 0, -24]
[0, 0, -24]
[0, 0, -24]
[0, 0, -24]
[0, 0, -24]
[0, 0, -24]
[0, 0, -24]
[0, 0, -24]
[0, 0, -24]
[0, 0, -24]
[0, 0, -24]
[0, 0, -24]
[0, 0, -24]
[0, 0, -24]
[0, 0, -24]
[0, 0, -24]
[0, 0, -24]
[0, 0, -24]
[0, 0, -24]
[0, 0, -24]
[0, 0, -24]
[0, 0, -24]
[0, 0, -24]
[0, 0, -24]
[0, 0, -24]
[0, 0, -24]
[0, 0, -24]
[0, 0, -24]
[0, 0, -24]
[0, 0, -24]
[0, 0, -24]
[0, 0, -24]
[0, 0, -24]
[0, 0, -24]
[0, 0, -24]
[0, 0, -24]
[0, 0, -24]
[0, 0, -24]
[0, 0, -24]
[0, 0, -24]
[0, 0, -24]
[0, 0, -24]
[0, 0, -24]
[0, 0, -24]
[0, 0, -24]
[0, 0, -24]
[0, 0, -24]
[0, 0, -24]
[0, 0, -24]
[0, 0, -24]
[0, 0, -24]
[0, 0, -24]
[0, 0, -24]
[0, 0, -24]
[0, 0, -24]
[0, 0, -24]
[0, 0, -24]
[0, 0, -24]
[0, 0, -24]
[0, 0, -24]
[0, 0, -24]
[0, 0, -24]
[0, 0, -24]
[0, 0, -24]
[0, 0, -24]
[0, 0, -24]
[0, 0, -24]
[0, 0, -24]
[0, 0, -24]
[0, 0, -24]
[0, 0, -24]
[0, 0, -24]
[0, 0, -24]
[0, 0, -24]
[0, 0, -24]
[0, 0, -24]
[0, 0, -24]
[0, 0, -24]
[0, 0, -24]
[0, 0, -24]
[0, 0, -24]
[0, 0, -24]
[0, 0, -24]
[0, 0, -24]
[0, 0, -24]
[0, 0, -24]
[0, 0, -24]
[0, 0, -24]
[0, 0, -24]
[0, 0, -24]
[0, 0, -24]
[0, 0, -24]
[0, 0, -24]
[0, 0, -24]
[0, 0, -24]
[0, 0, -24]
[0, 0, -24]
[0, 0, -24]
[0, 0, -24]
[0, 0, -24]
[0, 0, -24]
[0, 0, -24]
[0, 0, -24]
[0, 0, -24]
[0, 0, -24]
[0, 0, -24]
[0, 0, -24]
[0, 0, -24]
[0, 0, -24]
[0, 0, -24]
[0, 0, -24]
[0, 0, -24]
[0, 0, -24]
[0, 0, -24]
[0, 0, -24]
[0, 0, -24]
[0, 0, -24]
[0, 0, -24]
[0, 0, -24]
[0, 0, -24]
[0, 0, -24]
[0, 0, -24]
[0, 0, -24]
[0, 0, -24]
[0, 0, -24]
[0, 0, -24]
[0, 0, -24]
[0, 0, -24]
[0, 0, -24]
[0, 0, -24]
[0, 0, -24]
[0, 0, -24]
[0, 0, -24]
[0, 0, -24]
[0, 0, -24]
[0, 0, -24]
[0, 0, -24]
[0, 0, -24]
[0, 0, -24]
[0, 0, -24]
[0, 0, -24]
[0, 0, -24]
[0, 0, -24]
[0, 0, -24]
[0, 0, -24]
[0, 0, -24]
[0, 0, -24]
[0, 0, -24]
[0, 0, -24]
[0, 0, -24]
[0, 0, -24]
[0, 0, -24]
[0, 0, -24]
[0, -115, 69]
[0, -115, 69]
[0, -115, 69]
[0, -115, 69]
[0, -115, 69]
[0, -115, 69]
[0, -115, 69]
[0, -115, 69]
[0, -115, 69]
[0, -115, 69]
[0, -115, 69]
[0, -115, 69]
[0, -115, 69]
[0, -115, 69]
[0, -115, 69]
[0, -115, 69]
[0, -115, 69]
[0, -115, 69]
[0, -115, 69]
[0, -115, 69]
[0, -115, 69]
[0, -115, 69]
[0, -115, 69]
[0, -115, 69]
[0, -115, 69]
[0, -115, 69]
[0, -115, 69]
[0, -115, 69]
[0, -115, 69]
[0, -115, 69]
[0, -115, 69]
[-52, -52, -52]
[-52, -52, -52]
[-52, -52, -52]
[-52, -52, -52]
[-52, -52, -52]
[-52, -52, -52]
[-52, -52, -52]
[-52, -52, -52]
[-52, -52, -52]
[-52, -52, -52]
[-52, -52, -52]
[-52, -52, -52]
[-52, -52, -52]
[-52, -52, -52]
[-52, -52, -52]
[-52, -52, -52]
[-52, -52, -52]
[-52, -52, -52]
[-52, -52, -52]
[-52, -52, -52]
[-52, -52, -52]
[-52, -52, -52]
[-52, -52, -52]
[-52, -52, -52]
[-52, -52, -52]
[-52, -52, -52]
[-52, -52, -52]
[-52, -52, -52]
[-52, -52, -52]
[-52, -52, -52]
[-52, -52, -52]
[-52, -52, -52]
[-52, -52, -52]
[-52, -52, -52]
[-52, -52, -52]
[-52, -52, -52]
[-52, -52, -52]
[-52, -52, -52]
[-52, -52, -52]
[-52, -52, -52]
[-52, -52, -52]
[-52, -52, -52]
[-52, -52, -52]
[-52, -52, -52]
[-52, -52, -52]
[-52, -52, -52]
[-52, -52, -52]
[-52, -52, -52]
[-52, -52, -52]
[-52, -52, -52]
[-52, -52, -52]
[-52, -52, -52]
[-52, -52, -52]
[-52, -52, -52]
[-52, -52, -52]
[-52, -52, -52]
[-52, -52, -52]
[-52, -52, -52]
[-52, -52, -52]
[-52, -52, -52]
[-52, -52, -52]
[-52, -52, -52]
[-52, -52, -52]
[-52, -52, -52]
[-52, -52, -52]
[-52, -52, -52]
[-52, -52, -52]
[-52, -52, -52]
[-52, -52, -52]
[-52, -52, -52]
[-52, -52, -52]
[-52, -52, -52]
[-52, -52, -52]
[-52, -52, -52]
[-52, -52, -52]
[-52, -52, -52]
[-52, -52, -52]
[-52, -52, -52]
[-52, -52, -52]
[-52, -52, -52]
[-52, -52, -52]
[-52, -52, -52]
[-52, -52, -52]
[-52, -52, -52]
[-52, -52, -52]
[-52, -52, -52]
[-52, -52, -52]
[-52, -52, -52]
[-52, -52, -52]
[-52, -52, -52]
[-52, -52, -52]
[-52, -52, -52]
[-52, -52, -52]
[-52, -52, -52]
[-52, -52, -52]
[-52, -52, -52]
[-52, -52, -52]
[-52, -52, -52]
[-52, -52, -52]
[-52, -52, -52]
[-52, -52, -52]
[-52, -52, -52]
[-52, -52, -52]
[-52, -52, -52]
[-52, -52, -52]
[-52, -52, -52]
[-52, -52, -52]
[-52, -52, -52]
[-52, -52, -52]
[-52, -52, -52]
[-52, -52, -52]
[-52, -52, -52]
[-52, -52, -52]
[-52, -52, -52]
[-52, -52, -52]
[-52, -52, -52]
[-52, -52, -52]
[-52, -52, -52]
[-52, -52, -52]
[-52, -52, -52]
[-52, -52, -52]
[-52, -52, -52]
[-52, -52, -52]
[-52, -52, -52]
[-52, -52, -52]
[-52, -52, -52]
[-52, -52, -52]
[-52, -52, -52]
[-52, -52, -52]
[-52, -52, -52]
[-52, -52, -52]
[-52, -52, -52]
[-52, -52, -52]
[-52, -52, -52]
[-52, -52, -52]
[-52, -52, -52]
[-52, -52, -52]
[-52, -52, -52]
[-52, -52, -52]
[-52, -52, -52]
[-52, -52, -52]
[-52, -52, -52]
[-52, -52, -52]
[-52, -52, -52]
[-52, -52, -52]
[-52, -52, -52]
[-52, -52, -52]
[-52, -52, -52]
[-52, -52, -52]
[-52, -52, -52]
[-52, -52, -52]
[-52, -52, -52]
[-52, -52, -52]
[-52, -52, -52]
[-52, -52, -52]
[-52, -52, -52]
[-52, -52, -52]
[-52, -52, -52]
[-52, -52, -52]
[-52, -52, -52]
[-52, -52, -52]
[-52, -52, -52]
[-52, -52, -52]
[-52, -52, -52]
[-52, -52, -52]
[-52, -52, -52]
[-52, -52, -52]
[-52, -52, -52]
[-52, -52, -52]
[-52, -52, -52]
[-52, -52, -52]
[-52, -52, -52]
[-52, -52, -52]
[-52, -52, -52]
[-52, -52, -52]
[-52, -52, -52]
[-52, -52, -52]
[-52, -52, -52]
[-52, -52, -52]
[-52, -52, -52]
[-52, -52, -52]
[-52, -52, -52]
[-52, -52, -52]
[-52, -52, -52]
[-52, -52, -52]
[-52, -52, -52]
[-52, -52, -52]
[-52, -52, -52]
[-52, -52, -52]
[-52, -52, -52]
[-52, -52, -52]
[-52, -52, -52]
[-52, -52, -52]
[-52, -52, -52]
[-52, -52, -52]
[-52, -52, -52]
[-52, -52, -52]
[-52, -52, -52]
[-52, -52, -52]
[-52, -52, -52]
[-52, -52, -52]
[-52, -52, -52]
[-52, -52, -52]
[-52, -52, -52]
[-52, -52, -52]
[-52, -52, -52]
[-52, -52, -52]
[-52, -52, -52]
[-52, -52, -52]
[-52, -52, -52]
[-52, -52, -52]
[-52, -52, -52]
[-52, -52, -52]
[-52, -52, -52]
[-52, -52, -52]
[-52, -52, -52]
[-52, -52, -52]
[-52, -52, -52]
[-52, -52, -52]
[-52, -52, -52]
[-52, -52, -52]
[-52, -52, -52]
[-52, -52, -52]
[-52, -52, -52]
[-52, -52, -52]
[-52, -52, -52]
[-52, -52, -52]
[-52, -52, -52]
[-52, -52, -52]
[-52, -52, -52]
[-52, -52, -52]
[-52, -52, -52]
[-52, -52, -52]
[-52, -52, -52]
[-52, -52, -52]
[-52, -52, -52]
[-52, -52, -52]
[-52, -52, -52]
[-52, -52, -52]
[-52, -52, -52]
[-52, -52, -52]
[-52, -52, -52]
[-52, -52, -52]
[-52, -52, -52]
[-52, -52, -52]
[-52, -52, -52]
[-52, -52, -52]
[-52, -52, -52]
[-52, -52, -52]
[-52, -52, -52]
[-52, -52, -52]
[-52, -52, -52]
[-52, -52, -52]
[-52, -52, -52]
[-52, -52, -52]
[-52, -52, -52]
[-52, -52, -52]
[-52, -52, -52]
[-52, -52, -52]
[-52, -52, -52]
[-52, -52, -52]
[-52, -52, -52]
[-52, -52, -52]
[-52, -52, -52]
[-52, -52, -52]
[-52, -52, -52]
[-52, -52, -52]
[-52, -52, -52]
[-52, -52, -52]
[-52, -52, -52]
[-52, -52, -52]
[-52, -52, -52]
[-52, -52, -52]
[-52, -52, -52]
[-52, -52, -52]
[-52, -52, -52]
[-52, -52, -52]
[-52, -52, -52]
[-52, -52, -52]
[-52, -52, -52]
[-52, -52, -52]
[-52, -52, -52]
[-52, -52, -52]
[-52, -52, -52]
[-52, -52, -52]
[-52, -52, -52]
[-52, -52, -52]
[-52, -52, -52]
[-52, -52, -52]
[-52, -52, -52]
[-52, -52, -52]
[-52, -52, -52]
[-52, -52, -52]
[-52, -52, -52]
[-52, -52, -52]
[-52, -52, -52]
[-52, -52, -52]
[-52, -52, -52]
[-52, -52, -52]
[-52, -52, -52]
[-52, -52, -52]
[-52, -52, -52]
[-52, -52, -52]
[-52, -52, -52]
[-52, -52, -52]
[-52, -52, -52]
[-52, -52, -52]
[-52, -52, -52]
[-52, -52, -52]
[-52, -52, -52]
[-52, -52, -52]
[-52, -52, -52]
[-52, -52, -52]
[-52, -52, -52]
[-52, -52, -52]
[-52, -52, -52]
[-52, -52, -52]
[-52, -52, -52]
[-52, -52, -52]
[-52, -52, -52]
[-52, -52, -52]
[-52, -52, -52]
[-52, -52, -52]
[-52, -52, -52]
[-52, -52, -52]
[-52, -52, -52]
[-52, -52, -52]
[-52, -52, -52]
[-52, -52, -52]
[-52, -52, -52]
[-52, -52, -52]
[-52, -52, -52]
[-52, -52, -52]
[-52, -52, -52]
[-52, -52, -52]
[-52, -52, -52]
[-52, -52, -52]
[-52, -52, -52]
[-52, -52, -52]
[-52, -52, -52]
[-52, -52, -52]
[-52, -52, -52]
[-52, -52, -52]
[-52, -52, -52]
[-52, -52, -52]
[-52, -52, -52]
[-52, -52, -52]
[-52, -52, -52]
[-52, -52, -52]
[-52, -52, -52]
[-52, -52, -52]
[-52, -52, -52]
[-52, -52, -52]
[-52, -52, -52]
[-52, -52, -52]
[-52, -52, -52]
[-52, -52, -52]
[-52, -52, -52]
[-52, -52, -52]
[-52, -52, -52]
[-52, -52, -52]
[-52, -52, -52]
[-52, -52, -52]
[-52, -52, -52]
[-52, -52, -52]
[-52, -52, -52]
[-52, -52, -52]
[-52, -52, -52]
[-52, -52, -52]
[-52, -52, -52]
[-52, -52, -52]
[-52, -52, -52]
[-52, -52, -52]
[-52, -52, -52]
[-52, -52, -52]
[-52, -52, -52]
[-52, -52, -52]
[-52, -52, -52]
[-52, -52, -52]
[-52, -52, -52]
[-52, -52, -52]
[-52, -52, -52]
[-52, -52, -52]
[-52, -52, -52]
[-52, -52, -52]
[-52, -52, -52]
[-52, -52, -52]
[-52, -52, -52]
[-52, -52, -52]
[-52, -52, -52]
[-52, -52, -52]
[-52, -52, -52]
[-52, -52, -52]
[-52, -52, -52]
[-52, -52, -52]
[-52, -52, -52]
[-52, -52, -52]
[-52, -52, -52]
[-52, -52, -52]
[-52, -52, -52]
[-52, -52, -52]
[-52, -52, -52]
[-52, -52, -52]
[-52, -52, -52]
[-52, -52, -52]
[-52, -52, -52]
[-52, -52, -52]
[-52, -52, -52]
[-52, -52, -52]
[-52, -52, -52]
[-52, -52, -52]
[-52, -52, -52]
[-52, -52, -52]
[-52, -52, -52]
[-52, -52, -52]
[-52, -52, -52]
[-52, -52, -52]
[-52, -52, -52]
[-52, -52, -52]
[-52, -52, -52]
[-52, -52, -52]
[-52, -52, -52]
[-52, -52, -52]
[-52, -52, -52]
[-52, -52, -52]
[-52, -52, -52]
[-52, -52, -52]
[-52, -52, -52]
[-52, -52, -52]
[-52, -52, -52]
[-52, -52, -52]
[-52, -52, -52]
[-52, -52, -52]
[-52, -52, -52]
[-52, -52, -52]
[-52, -52, -52]
[-52, -52, -52]
[-52, -52, -52]
[-52, -52, -52]
[-52, -52, -52]
[-52, -52, -52]
[-52, -52, -52]
[-52, -52, -52]
[-52, -52, -52]
[-52, -52, -52]
[-52, -52, -52]
[-52, -52, -52]
[-52, -52, -52]
[-52, -52, -52]
[-52, -52, -52]
[-52, -52, -52]
[-52, -52, -52]
[-52, -52, -52]
[-52, -52, -52]
[-52, -52, -52]
[-52, -52, -52]
[-52, -52, -52]
[-52, -52, -52]
[-52, -52, -52]
[-52, -52, -52]
[-52, -52, -52]
[-52, -52, -52]
[-52, -52, -52]
[-52, -52, -52]
[-52, -52, -52]
[-52, -52, -52]
[-52, -52, -52]
[-52, -52, -52]
[-52, -52, -52]
[-52, -52, -52]
[-52, -52, -52]
[-52, -52, -52]
[-52, -52, -52]
[-52, -52, -52]
[-52, -52, -52]
[-52, -52, -52]
[-52, -52, -52]
[-52, -52, -52]
[-52, -52, -52]
[-52, -52, -52]
[-52, -52, -52]
[-52, -52, -52]
[-52, -52, -52]
[-52, -52, -52]
[-52, -52, -52]
[-52, -52, -52]
[-52, -52, -52]
[-52, -52, -52]
[-52, -52, -52]
[-52, -52, -52]
[-52, -52, -52]
[-52, -52, -52]
[-52, -52, -52]
[-52, -52, -52]
[-52, -52, -52]
[-52, -52, -52]
[-52, -52, -52]
[-52, -52, -52]
[-52, -52, -52]
[-52, -52, -52]
[-52, -52, -52]
[-52, -52, -52]
[-52, -52, -52]
[-52, -52, -52]
[-52, -52, -52]
[-52, -52, -52]
[-52, -52, -52]
[-52, -52, -52]
[-52, -52, -52]
[-52, -52, -52]
[-52, -52, -52]
[-52, -52, -52]
[-52, -52, -52]
[-52, -52, -52]
[-52, -52, -52]
[-52, -52, -52]
[-52, -52, -52]
[-52, -52, -52]
[-52, -52, -52]
[-52, -52, -52]
[-52, -52, -52]
[-52, -52, -52]
[-52, -52, -52]
[-52, -52, -52]
[-52, -52, -52]
[-52, -52, -52]
[-52, -52, -52]
[-52, -52, -52]
[-52, -52, -52]
[-52, -52, -52]
[-52, -52, -52]
[-52, -52, -52]
[-52, -52, -52]
[-52, -52, -52]
[-52, -52, -52]
[-52, -52, -52]
[-52, -52, -52]
[-52, -52, -52]
[-52, -52, -52]
[-52, -52, -52]
[-52, -52, -52]
[-52, -52, -52]
[-52, -52, -52]
[-52, -52, -52]
[-52, -52, -52]
[-52, -52, -52]
[-52, -52, -52]
[-52, -52, -52]
[-52, -52, -52]
[-52, -52, -52]
[-52, -52, -52]
[-52, -52, -52]
[-52, -52, -52]
[-52, -52, -52]
[-52, -52, -52]
[-52, -52, -52]
[-52, -52, -52]
[-52, -52, -52]
[-52, -52, -52]
[-52, -52, -52]
[-52, -52, -52]
[-52, -52, -52]
[-52, -52, -52]
[-52, -52, -52]
[-52, -52, -52]
[-52, -52, -52]
[-52, -52, -52]
[-52, -52, -52]
[-52, -52, -52]
[-52, -52, -52]
[-52, -52, -52]
[-52, -52, -52]
[-52, -52, -52]
[-52, -52, -52]
[-52, -52, -52]
[-52, -52, -52]
[-52, -52, -52]
[-52, -52, -52]
[-52, -52, -52]
[-52, -52, -52]
[-52, -52, -52]
[-52, -52, -52]
[-52, -52, -52]
[-52, -52, -52]
[-52, -52, -52]
[-52, -52, -52]
[-52, -52, -52]
[-52, -52, -52]
[-52, -52, -52]
[-52, -52, -52]
[-52, -52, -52]
[-52, -52, -52]
[-52, -52, -52]
[-52, -52, -52]
[-52, -52, -52]
[-52, -52, -52]
[-52, -52, -52]
[-52, -52, -52]
[-52, -52, -52]
[-52, -52, -52]
[-52, -52, -52]
[-52, -52, -52]
[-52, -52, -52]
[-52, -52, -52]
[-52, -52, -52]
[-52, -52, -52]
[-52, -52, -52]
[-52, -52, -52]
[-52, -52, -52]
[-52, -52, -52]
[-52, -52, -52]
[-52, -52, -52]
[-52, -52, -52]
[-52, -52, -52]
[-52, -52, -52]
[-52, -52, -52]
[-52, -52, -52]
[-52, -52, -52]
[-52, -52, -52]
[-52, -52, -52]
[-52, -52, -52]
[-52, -52, -52]
[-52, -52, -52]
[-52, -52, -52]
[-52, -52, -52]
[-52, -52, -52]
[-52, -52, -52]
[-52, -52, -52]
[-52, -52, -52]
[-52, -52, -52]
[-52, -52, -52]
[-52, -52, -52]
[-52, -52, -52]
[-52, -52, -52]
[-52, -52, -52]
[-52, -52, -52]
[-52, -52, -52]
[-52, -52, -52]
[-52, -52, -52]
[-52, -52, -52]
[-52, -52, -52]
[-52, -52, -52]
[-52, -52, -52]
[-52, -52, -52]
[-52, -52, -52]
[-52, -52, -52]
[-52, -52, -52]
[-52, -52, -52]
[-52, -52, -52]
[-52, -52, -52]
[-52, -52, -52]
[-52, -52, -52]
[-52, -52, -52]
[-52, -52, -52]
[-52, -52, -52]
[-52, -52, -52]
[-52, -52, -52]
[-52, -52, -52]
[-52, -52, -52]
[-52, -52, -52]
[-52, -52, -52]
[-52, -52, -52]
[-52, -52, -52]
[-52, -52, -52]
[-52, -52, -52]
[-52, -52, -52]
[-52, -52, -52]
[-52, -52, -52]
[-52, -52, -52]
[-52, -52, -52]
[-52, -52, -52]
[-52, -52, -52]
[-52, -52, -52]
[-52, -52, -52]
[-52, -52, -52]
[-52, -52, -52]
[-52, -52, -52]
[-52, -52, -52]
[-52, -52, -52]
[-52, -52, -52]
[-52, -52, -52]
[-52, -52, -52]
[-52, -52, -52]
[-52, -52, -52]
[-52, -52, -52]
[-52, -52, -52]
[-52, -52, -52]
[-52, -52, -52]
[-52, -52, -52]
[-52, -52, -52]
[-52, -52, -52]
[-52, -52, -52]
[-52, -52, -52]
[-52, -52, -52]
[-52, -52, -52]
[-52, -52, -52]
[-52, -52, -52]
[-52, -52, -52]
[-52, -52, -52]
[-52, -52, -52]
[-52, -52, -52]
[-52, -52, -52]
[-52, -52, -52]
[-52, -52, -52]
[-52, -52, -52]
[-52, -52, -52]
[-52, -52, -52]
[-52, -52, -52]
[-52, -52, -52]
[-52, -52, -52]
[-52, -52, -52]
[-52, -52, -52]
[-52, -52, -52]
[-52, -52, -52]
[-52, -52, -52]
[-52, -52, -52]
[-52, -52, -52]
[-52, -52, -52]
[-52, -52, -52]
[-52, -52, -52]
[-52, -52, -52]
[-52, -52, -52]
[-52, -52, -52]
[-52, -52, -52]
[-52, -52, -52]
[-52, -52, -52]
[-52, -52, -52]
[-52, -52, -52]
[-52, -52, -52]
[-52, -52, -52]
[-52, -52, -52]
[-52, -52, -52]
[-52, -52, -52]
[-52, -52, -52]
[-52, -52, -52]
[-52, -52, -52]
[-52, -52, -52]
[-52, -52, -52]
[-52, -52, -52]
[-52, -52, -52]
[-52, -52, -52]
[-52, -52, -52]
[-52, -52, -52]
[-52, -52, -52]
[-52, -52, -52]
[-52, -52, -52]
[-52, -52, -52]
[-52, -52, -52]
[-52, -52, -52]
[-52, -52, -52]
[-52, -52, -52]
[-52, -52, -52]
[-52, -52, -52]
[-52, -52, -52]
[-52, -52, -52]
[-52, -52, -52]
[-52, -52, -52]
[-52, -52, -52]
[-52, -52, -52]
[-52, -52, -52]
[-52, -52, -52]
[-52, -52, -52]
[-52, -52, -52]
[-52, -52, -52]
[-52, -52, -52]
[-52, -52, -52]
[-52, -52, -52]
[-52, -52, -52]
[-52, -52, -52]
[-52, -52, -52]
[-52, -52, -52]
[-52, -52, -52]
[-52, -52, -52]
[-52, -52, -52]
[-52, -52, -52]
[-52, -52, -52]
[-52, -52, -52]
[-52, -52, -52]
[-52, -52, -52]
[-52, -52, -52]
[-52, -52, -52]
[-52, -52, -52]
[-52, -52, -52]
[-52, -52, -52]
[-52, -52, -52]
[-52, -52, -52]
[-52, -52, -52]
[-52, -52, -52]
[-52, -52, -52]
[-52, -52, -52]
[-52, -52, -52]
[-52, -52, -52]
[-52, -52, -52]
[-52, -52, -52]
[-52, -52, -52]
[-52, -52, -52]
[-52, -52, -52]
[-52, -52, -52]
[-52, -52, -52]
[-52, -52, -52]
[-52, -52, -52]
[-52, -52, -52]
[-52, -52, -52]
[-52, -52, -52]
[-52, -52, -52]
[-52, -52, -52]
[-52, -52, -52]
[-52, -52, -52]
[-52, -52, -52]
[-52, -52, -52]
[-52, -52, -52]
[-52, -52, -52]
[-52, -52, -52]
[-52, -52, -52]
[-52, -52, -52]
[-52, -52, -52]
[-52, -52, -52]
[-52, -52, -52]
[-52, -52, -52]
[-52, -52, -52]
[-52, -52, -52]
[-52, -52, -52]
[-52, -52, -52]
[-52, -52, -52]
[-52, -52, -52]
[-52, -52, -52]
[-52, -52, -52]
[-52, -52, -52]
[-52, -52, -52]
[-52, -52, -52]
[-52, -52, -52]
[-52, -52, -52]
[-52, -52, -52]
[-52, -52, -52]
[-52, -52, -52]
[-52, -52, -52]
[-52, -52, -52]
[-52, -52, -52]
[-52, -52, -52]
[-52, -52, -52]
[-52, -52, -52]
[-52, -52, -52]
[-52, -52, -52]
[-52, -52, -52]
[-52, -52, -52]
[-52, -52, -52]
[-52, -52, -52]
[-52, -52, -52]
[-52, -52, -52]
[-52, -52, -52]
[-52, -52, -52]
[-52, -52, -52]
[-52, -52, -52]
[-52, -52, -52]
[-52, -52, -52]
[-52, -52, -52]
[-52, -52, -52]
[-52, -52, -52]
[-52, -52, -52]
[-52, -52, -52]
[-52, -52, -52]
[-52, -52, -52]
[-52, -52, -52]
[-52, -52, -52]
[-52, -52, -52]
[-52, -52, -52]
[-52, -52, -52]
[-52, -52, -52]
[-52, -52, -52]
[-52, -52, -52]
[-52, -52, -52]
[-52, -52, -52]
[-52, -52, -52]
[-52, -52, -52]
[-52, -52, -52]
[-52, -52, -52]
[-52, -52, -52]
[-52, -52, -52]
[-52, -52, -52]
[-52, -52, -52]
[-52, -52, -52]
[-52, -52, -52]
[-52, -52, -52]
[-52, -52, -52]
[-52, -52, -52]
[-52, -52, -52]
[-52, -52, -52]
[-52, -52, -52]
[-52, -52, -52]
[-52, -52, -52]
[-52, -52, -52]
[-52, -52, -52]
[-52, -52, -52]
[-52, -52, -52]
[-52, -52, -52]
[-52, -52, -52]
[-52, -52, -52]
[-52, -52, -52]
[-52, -52, -52]
[-52, -52, -52]
[-52, -52, -52]
[-52, -52, -52]
[-52, -52, -52]
[-52, -52, -52]
[-52, -52, -52]
[-52, -52, -52]
[-52, -52, -52]
[-52, -52, -52]
[-52, -52, -52]
[-52, -52, -52]
[-52, -52, -52]
[-52, -52, -52]
[-52, -52, -52]
[-52, -52, -52]
[-52, -52, -52]
[-52, -52, -52]
[-52, -52, -52]
[-52, -52, -52]
[-52, -52, -52]
[-52, -52, -52]
[-52, -52, -52]
[-52, -52, -52]
[-52, -52, -52]
[-52, -52, -52]
[-52, -52, -52]
[-52, -52, -52]
[-52, -52, -52]
[-52, -52, -52]
[-52, -52, -52]
[-52, -52, -52]
[-52, -52, -52]
[-52, -52, -52]
[-52, -52, -52]
[-52, -52, -52]
[-52, -52, -52]
[-52, -52, -52]
[-52, -52, -52]
[-52, -52, -52]
[-52, -52, -52]
[-52, -52, -52]
[-52, -52, -52]
[-52, -52, -52]
[-52, -52, -52]
[-52, -52, -52]
[-52, -52, -52]
[-52, -52, -52]
[-52, -52, -52]
[-52, -52, -52]
[-52, -52, -52]
[-52, -52, -52]
[-52, -52, -52]
[-52, -52, -52]
[-52, -52, -52]
[-52, -52, -52]
[-52, -52, -52]
[-52, -52, -52]
[-52, -52, -52]
[-52, -52, -52]
[-52, -52, -52]
[-52, -52, -52]
[-52, -52, -52]
[-52, -52, -52]
[-52, -52, -52]
[-52, -52, -52]
[-52, -52, -52]
[-52, -52, -52]
[-52, -52, -52]
[-52, -52, -52]
[-52, -52, -52]
[-52, -52, -52]
[-52, -52, -52]
[-52, -52, -52]
[-52, -52, -52]
[-52, -52, -52]
[-52, -52, -52]
[-52, -52, -52]
[-52, -52, -52]
[-52, -52, -52]
[-52, -52, -52]
[-52, -52, -52]
[-52, -52, -52]
[-52, -52, -52]
[-52, -52, -52]
[-52, -52, -52]
[-52, -52, -52]
[-52, -52, -52]
[-52, -52, -52]
[-52, -52, -52]
[-52, -52, -52]
[-52, -52, -52]
[-52, -52, -52]
[-52, -52, -52]
[-52, -52, -52]
[-52, -52, -52]
[-52, -52, -52]
[-52, -52, -52]
[-52, -52, -52]
[-52, -52, -52]
[-52, -52, -52]
[-52, -52, -52]
[-52, -52, -52]
[-52, -52, -52]
[-52, -52, -52]
[-52, -52, -52]
[-52, -52, -52]
[-52, -52, -52]
[-52, -52, -52]
[-52, -52, -52]
[-52, -52, -52]
[-52, -52, -52]
[-52, -52, -52]
[-52, -52, -52]
[-52, -52, -52]
[-52, -52, -52]
[-52, -52, -52]
[-52, -52, -52]
[-52, -52, -52]
[-52, -52, -52]
[-52, -52, -52]
[-52, -52, -52]
[-52, -52, -52]
[-52, -52, -52]
[-52, -52, -52]
[-52, -52, -52]
[-52, -52, -52]
[-52, -52, -52]
[-52, -52, -52]
[-52, -52, -52]
[-52, -52, -52]
[-52, -52, -52]
[-52, -52, -52]
[-52, -52, -52]
[-52, -52, -52]
[-52, -52, -52]
[-52, -52, -52]
[-52, -52, -52]
[-52, -52, -52]
[-52, -52, -52]
[-52, -52, -52]
[-52, -52, -52]
[-52, -52, -52]
[-52, -52, -52]
[-52, -52, -52]
[-52, -52, -52]
[-52, -52, -52]
[-52, -52, -52]
[-52, -52, -52]
[-52, -52, -52]
[-52, -52, -52]
[-52, -52, -52]
[-52, -52, -52]
[-52, -52, -52]
[-52, -52, -52]
[-52, -52, -52]
[-52, -52, -52]
[-52, -52, -52]
[-52, -52, -52]
[-52, -52, -52]
[-52, -52, -52]
[-52, -52, -52]
[-52, -52, -52]
[-52, -52, -52]
[-52, -52, -52]
[-52, -52, -52]
[-52, -52, -52]
[-52, -52, -52]
[-52, -52, -52]
[-52, -52, -52]
[-52, -52, -52]
[-52, -52, -52]
[-52, -52, -52]
[-52, -52, -52]
[-52, -52, -52]
[-52, -52, -52]
[-52, -52, -52]
[-52, -52, -52]
[-52, -52, -52]
[-52, -52, -52]
[-52, -52, -52]
[-52, -52, -52]
[-52, -52, -52]
[-52, -52, -52]
[-52, -52, -52]
[-52, -52, -52]
[-52, -52, -52]
[-52, -52, -52]
[-52, -52, -52]
[-52, -52, -52]
[-52, -52, -52]
[-52, -52, -52]
[-52, -52, -52]
[-52, -52, -52]
[-52, -52, -52]
[-52, -52, -52]
[-52, -52, -52]
[-52, -52, -52]
[-52, -52, -52]
[-52, -52, -52]
[-52, -52, -52]
[-52, -52, -52]
[-52, -52, -52]
[-52, -52, -52]
[-52, -52, -52]
[-52, -52, -52]
[-52, -52, -52]
[-52, -52, -52]
[-52, -52, -52]
[-52, -52, -52]
[-52, -52, -52]
[-52, -52, -52]
[-52, -52, -52]
[-52, -52, -52]
[-52, -52, -52]
[-52, -52, -52]
[-52, -52, -52]
[-52, -52, -52]
[-52, -52, -52]
[-52, -52, -52]
[-52, -52, -52]
[-52, -52, -52]
[-52, -52, -52]
[-52, -52, -52]
[-52, -52, -52]
[-52, -52, -52]
[-52, -52, -52]
[-52, -52, -52]
[-52, -52, -52]
[-52, -52, -52]
[-52, -52, -52]
[-52, -52, -52]
[-52, -52, -52]
[-52, -52, -52]
[-52, -52, -52]
[-52, -52, -52]
[-52, -52, -52]
[-52, -52, -52]
[-52, -52, -52]
[-52, -52, -52]
[-52, -52, -52]
[-52, -52, -52]
[-52, -52, -52]
[-52, -52, -52]
[-52, -52, -52]
[-52, -52, -52]
[-52, -52, -52]
[-52, -52, -52]
[-52, -52, -52]
[-52, -52, -52]
[-52, -52, -52]
[-52, -52, -52]
[-52, -52, -52]
[-52, -52, -52]
[-52, -52, -52]
[-52, -52, -52]
[-52, -52, -52]
[-52, -52, -52]
[-52, -52, -52]
[-52, -52, -52]
[-52, -52, -52]
[-52, -52, -52]
[-52, -52, -52]
[-52, -52, -52]
[-52, -52, -52]
[-52, -52, -52]
[-52, -52, -52]
[-52, -52, -52]
[-52, -52, -52]
[-52, -52, -52]
[-52, -52, -52]
[-52, -52, -52]
[-52, -52, -52]
[-52, -52, -52]
[-52, -52, -52]
[-52, -52, -52]
[-52, -52, -52]
[-52, -52, -52]
[-52, -52, -52]
[-52, -52, -52]
[-52, -52, -52]
[-52, -52, -52]
[-52, -52, -52]
[-52, -52, -52]
[-52, -52, -52]
[-52, -52, -52]
[-52, -52, -52]
[-52, -52, -52]
[-52, -52, -52]
[-52, -52, -52]
[-52, -52, -52]
[-52, -52, -52]
[-52, -52, -52]
[-52, -52, -52]
[-52, -52, -52]
[-52, -52, -52]
[-52, -52, -52]
[-52, -52, -52]
[-52, -52, -52]
[-52, -52, -52]
[-52, -52, -52]
[-52, -52, -52]
[-52, -52, -52]
[-52, -52, -52]
[-52, -52, -52]
[-52, -52, -52]
[-52, -52, -52]
[-52, -52, -52]
[-52, -52, -52]
[-52, -52, -52]
[-52, -52, -52]
[-52, -52, -52]
[-52, -52, -52]
[-52, -52, -52]
[-52, -52, -52]
[-52, -52, -52]
[-52, -52, -52]
[-52, -52, -52]
[-52, -52, -52]
[-52, -52, -52]
[-52, -52, -52]
[-52, -52, -52]
[-52, -52, -52]
[-52, -52, -52]
[-52, -52, -52]
[-52, -52, -52]
[-52, -52, -52]
[-52, -52, -52]
[-52, -52, -52]
[-52, -52, -52]
[-52, -52, -52]
[-52, -52, -52]
[-52, -52, -52]
[-52, -52, -52]
[-52, -52, -52]
[-52, -52, -52]
[-52, -52, -52]
[-20, -117, 85]
[-20, -117, 85]
[-20, -117, 85]
[-20, -117, 85]
[-20, -117, 85]
[-20, -117, 85]
[-20, -117, 85]
[-20, -117, 85]
[-20, -117, 85]
[-20, -117, 85]
[-20, -117, 85]
[-119, 1, -117]
[-119, 1, -117]
[-119, 1, -117]
[-119, 1, -117]
[-62, 12, 0]
[-62, 12, 0]
[-62, 12, 0]
[-62, 12, 0]
[-62, 12, 0]
[-62, 12, 0]
[-62, 12, 0]
[-62, 12, 0]
[-62, 12, 0]
[-62, 12, 0]
[-62, 12, 0]
[-62, 12, 0]
[-62, 12, 0]
[-62, 12, 0]
[-62, 12, 0]
[-62, 12, 0]
[-62, 12, 0]
[-62, 12, 0]
[-62, 12, 0]
[-62, 12, 0]
[-62, 12, 0]
[-62, 12, 0]
[-62, 12, 0]
[-62, 12, 0]
[-62, 12, 0]
[-62, 12, 0]
[-62, 12, 0]
[-62, 12, 0]
[36, 0, 0]
[36, 0, 0]
[36, 0, 0]
[36, 0, 0]
[36, 0, 0]
[36, 0, 0]
[36, 0, 0]
[36, 0, 0]
[36, 0, 0]
[36, 0, 0]
[36, 0, 0]
[36, 0, 0]
[36, 0, 0]
[36, 0, 0]
[36, 0, 0]
[36, 0, 0]
[36, 0, 0]
[36, 0, 0]
[36, 0, 0]
[36, 0, 0]
[36, 0, 0]
[36, 0, 0]
[36, 0, 0]
[36, 0, 0]
[36, 0, 0]
[36, 0, 0]
[36, 0, 0]
[-52, -52, -52]
[-52, -52, -52]
[-52, -52, -52]
[-52, -52, -52]
[-52, -52, -52]
[-52, -52, -52]
[-52, -52, -52]
[-52, -52, -52]
[-52, -52, -52]
[-52, -52, -52]
[-52, -52, -52]
[-52, -52, -52]
[-52, -52, -52]
[-52, -52, -52]
[-52, -52, -52]
[-52, -52, -52]
[-52, -52, -52]
[-52, -52, -52]
[-52, -52, -52]
[-52, -52, -52]
[-52, -52, -52]
[-52, -52, -52]
[-52, -52, -52]
[-52, -52, -52]
[-52, -52, -52]
[-52, -52, -52]
[-52, -52, -52]
[-52, -52, -52]
[-52, -52, -52]
[-52, -52, -52]
[-52, -52, -52]
[-52, -52, -52]
[-52, -52, -52]
[-52, -52, -52]
[-52, -52, -52]
[-52, -52, -52]
[-52, -52, -52]
[-52, -52, -52]
[-52, -52, -52]
[-52, -52, -52]
[-52, -52, -52]
[-52, -52, -52]
[-52, -52, -52]
[-52, -52, -52]
[-52, -52, -52]
[-52, -52, -52]
[-52, -52, -52]
[-52, -52, -52]
[-52, -52, -52]
[-52, -52, -52]
[-52, -52, -52]
[-52, -52, -52]
[-52, -52, -52]
[-52, -52, -52]
[-52, -52, -52]
[-52, -52, -52]
[-52, -52, -52]
[-52, -52, -52]
[-52, -52, -52]
[-52, -52, -52]
[-52, -52, -52]
[-52, -52, -52]
[-52, -52, -52]
[-52, -52, -52]
[-52, -52, -52]
[-52, -52, -52]
[-52, -52, -52]
[-52, -52, -52]
[-52, -52, -52]
[-52, -52, -52]
[-52, -52, -52]
[-52, -52, -52]
[-52, -52, -52]
[-52, -52, -52]
[-52, -52, -52]
[-52, -52, -52]
[-52, -52, -52]
[-52, -52, -52]
[-52, -52, -52]
[-52, -52, -52]
[-52, -52, -52]
[-52, -52, -52]
[-52, -52, -52]
[-52, -52, -52]
[-52, -52, -52]
[-52, -52, -52]
[-52, -52, -52]
[-52, -52, -52]
[-52, -52, -52]
[-52, -52, -52]
[-52, -52, -52]
[-52, -52, -52]
[-52, -52, -52]
[-52, -52, -52]
[-52, -52, -52]
[-52, -52, -52]
[-52, -52, -52]
[-52, -52, -52]
[-52, -52, -52]
[-52, -52, -52]
[-52, -52, -52]
[-52, -52, -52]
[-52, -52, -52]
[-52, -52, -52]
[-52, -52, -52]
[-52, -52, -52]
[-52, -52, -52]
[-52, -52, -52]
[-52, -52, -52]
[-52, -52, -52]
[-52, -52, -52]
[-52, -52, -52]
[-52, -52, -52]
[-52, -52, -52]
[-52, -52, -52]
[-52, -52, -52]
[-52, -52, -52]
[-52, -52, -52]
[-52, -52, -52]
[-52, -52, -52]
[-52, -52, -52]
[-52, -52, -52]
[-52, -52, -52]
[-52, -52, -52]
[-52, -52, -52]
[-52, -52, -52]
[-52, -52, -52]
[-52, -52, -52]
[-52, -52, -52]
[-52, -52, -52]
[-52, -52, -52]
[-52, -52, -52]
[-52, -52, -52]
[-52, -52, -52]
[-52, -52, -52]
[-52, -52, -52]
[-52, -52, -52]
[-52, -52, -52]
[-52, -52, -52]
[-52, -52, -52]
[-52, -52, -52]
[-52, -52, -52]
[-52, -52, -52]
[-52, -52, -52]
[-52, -52, -52]
[-52, -52, -52]
[-52, -52, -52]
[-52, -52, -52]
[-52, -52, -52]
[-52, -52, -52]
[-52, -52, -52]
[-52, -52, -52]
[-52, -52, -52]
[-52, -52, -52]
[-52, -52, -52]
[-52, -52, -52]
[-52, -52, -52]
[-52, -52, -52]
[-52, -52, -52]
[-52, -52, -52]
[-52, -52, -52]
[-52, -52, -52]
[-52, -52, -52]
[-52, -52, -52]
[-52, -52, -52]
[-52, -52, -52]
[-52, -52, -52]
[-52, -52, -52]
[-52, -52, -52]
[-52, -52, -52]
[-52, -52, -52]
[-52, -52, -52]
[-52, -52, -52]
[-52, -52, -52]
[-52, -52, -52]
[-52, -52, -52]
[-52, -52, -52]
[-52, -52, -52]
[-52, -52, -52]
[-52, -52, -52]
[-52, -52, -52]
[-52, -52, -52]
[-52, -52, -52]
[-52, -52, -52]
[-52, -52, -52]
[-52, -52, -52]
[-52, -52, -52]
[-52, -52, -52]
[-52, -52, -52]
[-52, -52, -52]
[-52, -52, -52]
[-52, -52, -52]
[-52, -52, -52]
[-52, -52, -52]
[-52, -52, -52]
[-52, -52, -52]
[-52, -52, -52]
[-52, -52, -52]
[-52, -52, -52]
[-52, -52, -52]
[-52, -52, -52]
[-52, -52, -52]
[-52, -52, -52]
[-52, -52, -52]
[-52, -52, -52]
[-52, -52, -52]
[-52, -52, -52]
[-52, -52, -52]
[-52, -52, -52]
[-52, -52, -52]
[-52, -52, -52]
[-52, -52, -52]
[-52, -52, -52]
[-52, -52, -52]
[-52, -52, -52]
[-52, -52, -52]
[-52, -52, -52]
[-52, -52, -52]
[-52, -52, -52]
[-52, -52, -52]
[-52, -52, -52]
[-52, -52, -52]
[-52, -52, -52]
[-52, -52, -52]
[-52, -52, -52]
[-52, -52, -52]
[-52, -52, -52]
[-52, -52, -52]
[-52, -52, -52]
[-52, -52, -52]
[-52, -52, -52]
[-52, -52, -52]
[-52, -52, -52]
[-52, -52, -52]
[-52, -52, -52]
[-52, -52, -52]
[-52, -52, -52]
[-52, -52, -52]
[-52, -52, -52]
[-52, -52, -52]
[-52, -52, -52]
[-52, -52, -52]
[-52, -52, -52]
[-52, -52, -52]
[-52, -52, -52]
[-52, -52, -52]
[-52, -52, -52]
[-52, -52, -52]
[-52, -52, -52]
[-52, -52, -52]
[-52, -52, -52]
[-52, -52, -52]
[-52, -52, -52]
[-52, -52, -52]
[-52, -52, -52]
[-52, -52, -52]
[-52, -52, -52]
[-52, -52, -52]
[-52, -52, -52]
[-52, -52, -52]
[-52, -52, -52]
[-52, -52, -52]
[-52, -52, -52]
[-52, -52, -52]
[-52, -52, -52]
[-52, -52, -52]
[-52, -52, -52]
[-52, -52, -52]
[-52, -52, -52]
[-52, -52, -52]
[-52, -52, -52]
[-52, -52, -52]
[-52, -52, -52]
[-52, -52, -52]
[-52, -52, -52]
[-52, -52, -52]
[-52, -52, -52]
[-52, -52, -52]
[-52, -52, -52]
[-52, -52, -52]
[-52, -52, -52]
[-52, -52, -52]
[-52, -52, -52]
[-52, -52, -52]
[-52, -52, -52]
[-52, -52, -52]
[-52, -52, -52]
[-52, -52, -52]
[-52, -52, -52]
[-52, -52, -52]
[-52, -52, -52]
[-52, -52, -52]
[-52, -52, -52]
[-52, -52, -52]
[-52, -52, -52]
[-52, -52, -52]
[-52, -52, -52]
[-52, -52, -52]
[-52, -52, -52]
[-52, -52, -52]
[-52, -52, -52]
[-52, -52, -52]
[-52, -52, -52]
[-52, -52, -52]
[-52, -52, -52]
[-52, -52, -52]
[-52, -52, -52]
[-52, -52, -52]
[-52, -52, -52]
[-52, -52, -52]
[-52, -52, -52]
[-52, -52, -52]
[-52, -52, -52]
[-52, -52, -52]
[-52, -52, -52]
[-52, -52, -52]
[-52, -52, -52]
[-52, -52, -52]
[-52, -52, -52]
[-52, -52, -52]
[-52, -52, -52]
[-52, -52, -52]
[-52, -52, -52]
[-52, -52, -52]
[-52, -52, -52]
[-52, -52, -52]
[-52, -52, -52]
[-52, -52, -52]
[-52, -52, -52]
[-52, -52, -52]
[-52, -52, -52]
[-52, -52, -52]
[-52, -52, -52]
[-52, -52, -52]
[-52, -52, -52]
[-52, -52, -52]
[-52, -52, -52]
[-52, -52, -52]
[-52, -52, -52]
[-52, -52, -52]
[-52, -52, -52]
[-52, -52, -52]
[-52, -52, -52]
[-52, -52, -52]
[-52, -52, -52]
[-52, -52, -52]
[-52, -52, -52]
[-52, -52, -52]
[-52, -52, -52]
[-52, -52, -52]
[-52, -52, -52]
[-52, -52, -52]
[-52, -52, -52]
[-52, -52, -52]
[-52, -52, -52]
[-52, -52, -52]
[-52, -52, -52]
[-52, -52, -52]
[-52, -52, -52]
[-52, -52, -52]
[-52, -52, -52]
[-52, -52, -52]
[-52, -52, -52]
[-52, -52, -52]
[-52, -52, -52]
[-52, -52, -52]
[-52, -52, -52]
[-52, -52, -52]
[-52, -52, -52]
[-52, -52, -52]
[-52, -52, -52]
[-52, -52, -52]
[-52, -52, -52]
[-52, -52, -52]
[-52, -52, -52]
[-52, -52, -52]
[-52, -52, -52]
[-52, -52, -52]
[-52, -52, -52]
[-52, -52, -52]
[-52, -52, -52]
[-52, -52, -52]
[-52, -52, -52]
[-52, -52, -52]
[-52, -52, -52]
[-52, -52, -52]
[-52, -52, -52]
[-52, -52, -52]
[-52, -52, -52]
[-52, -52, -52]
[-52, -52, -52]
[-52, -52, -52]
[-52, -52, -52]
[-52, -52, -52]
[-52, -52, -52]
[-52, -52, -52]
[-52, -52, -52]
[-52, -52, -52]
[-52, -52, -52]
[-52, -52, -52]
[-52, -52, -52]
[-52, -52, -52]
[-52, -52, -52]
[-52, -52, -52]
[-52, -52, -52]
[-52, -52, -52]
[-52, -52, -52]
[-52, -52, -52]
[-52, -52, -52]
[-52, -52, -52]
[-52, -52, -52]
[-52, -52, -52]
[-52, -52, -52]
[-52, -52, -52]
[-52, -52, -52]
[-52, -52, -52]
[-52, -52, -52]
[-52, -52, -52]
[-52, -52, -52]
[-52, -52, -52]
[-52, -52, -52]
[-52, -52, -52]
[-52, -52, -52]
[-52, -52, -52]
[-52, -52, -52]
[-52, -52, -52]
[-52, -52, -52]
[-52, -52, -52]
[-52, -52, -52]
[-52, -52, -52]
[-52, -52, -52]
[-52, -52, -52]
[-52, -52, -52]
[-52, -52, -52]
[-52, -52, -52]
[-52, -52, -52]
[-52, -52, -52]
[-52, -52, -52]
[-52, -52, -52]
[-52, -52, -52]
[-52, -52, -52]
[-52, -52, -52]
[-52, -52, -52]
[-52, -52, -52]
[-52, -52, -52]
[-52, -52, -52]
[-52, -52, -52]
[-52, -52, -52]
[-52, -52, -52]
[-52, -52, -52]
[-52, -52, -52]
[-52, -52, -52]
[-52, -52, -52]
[-52, -52, -52]
[-52, -52, -52]
[-52, -52, -52]
[-52, -52, -52]
[-52, -52, -52]
[-52, -52, -52]
[-52, -52, -52]
[-52, -52, -52]
[-52, -52, -52]
[-52, -52, -52]
[-52, -52, -52]
[-52, -52, -52]
[-52, -52, -52]
[-52, -52, -52]
[-52, -52, -52]
[-52, -52, -52]
[-52, -52, -52]
[-52, -52, -52]
[-52, -52, -52]
[-52, -52, -52]
[-52, -52, -52]
[-52, -52, -52]
[-52, -52, -52]
[-52, -52, -52]
[-52, -52, -52]
[-52, -52, -52]
[-52, -52, -52]
[-52, -52, -52]
[-52, -52, -52]
[-52, -52, -52]
[-52, -52, -52]
[-52, -52, -52]
[-52, -52, -52]
[-52, -52, -52]
[-52, -52, -52]
[-52, -52, -52]
[-52, -52, -52]
[-52, -52, -52]
[-52, -52, -52]
[-52, -52, -52]
[-52, -52, -52]
[-52, -52, -52]
[-52, -52, -52]
[-52, -52, -52]
[-52, -52, -52]
[-52, -52, -52]
[-52, -52, -52]
[-52, -52, -52]
[-52, -52, -52]
[-52, -52, -52]
[-52, -52, -52]
[-52, -52, -52]
[-52, -52, -52]
[-52, -52, -52]
[-52, -52, -52]
[-52, -52, -52]
[-52, -52, -52]
[-52, -52, -52]
[-52, -52, -52]
[-52, -52, -52]
[-52, -52, -52]
[-52, -52, -52]
[-52, -52, -52]
[-52, -52, -52]
[-52, -52, -52]
[-52, -52, -52]
[-52, -52, -52]
[-52, -52, -52]
[-52, -52, -52]
[-52, -52, -52]
[-52, -52, -52]
[-52, -52, -52]
[-52, -52, -52]
[-52, -52, -52]
[-52, -52, -52]
[-52, -52, -52]
[-52, -52, -52]
[-52, -52, -52]
[-52, -52, -52]
[-52, -52, -52]
[-52, -52, -52]
[-52, -52, -52]
[-52, -52, -52]
[-52, -52, -52]
[-52, -52, -52]
[-52, -52, -52]
[-52, -52, -52]
[-52, -52, -52]
[-52, -52, -52]
[-52, -52, -52]
[-52, -52, -52]
[-52, -52, -52]
[-52, -52, -52]
[-52, -52, -52]
[-52, -52, -52]
[-52, -52, -52]
[-52, -52, -52]
[-52, -52, -52]
[-52, -52, -52]
[-52, -52, -52]
[-52, -52, -52]
[-52, -52, -52]
[-52, -52, -52]
[-52, -52, -52]
[-52, -52, -52]
[-52, -52, -52]
[-52, -52, -52]
[-52, -52, -52]
[-52, -52, -52]
[-52, -52, -52]
[-52, -52, -52]
[-52, -52, -52]
[-52, -52, -52]
[-52, -52, -52]
[-52, -52, -52]
[-52, -52, -52]
[-52, -52, -52]
[-52, -52, -52]
[-52, -52, -52]
[-52, -52, -52]
[-52, -52, -52]
[-52, -52, -52]
[-52, -52, -52]
[-52, -52, -52]
[-52, -52, -52]
[-52, -52, -52]
[-52, -52, -52]
[-52, -52, -52]
[-52, -52, -52]
[-52, -52, -52]
[-52, -52, -52]
[-52, -52, -52]
[-52, -52, -52]
[-52, -52, -52]
[-52, -52, -52]
[-52, -52, -52]
[-52, -52, -52]
[-52, -52, -52]
[-52, -52, -52]
[-52, -52, -52]
[-52, -52, -52]
[-52, -52, -52]
[-52, -52, -52]
[-52, -52, -52]
[-52, -52, -52]
[-52, -52, -52]
[-52, -52, -52]
[-52, -52, -52]
[-52, -52, -52]
[-52, -52, -52]
[-52, -52, -52]
[-52, -52, -52]
[-52, -52, -52]
[-52, -52, -52]
[-52, -52, -52]
[-52, -52, -52]
[-52, -52, -52]
[-52, -52, -52]
[-52, -52, -52]
[-52, -52, -52]
[-52, -52, -52]
[-52, -52, -52]
[-52, -52, -52]
[-52, -52, -52]
[-52, -52, -52]
[-52, -52, -52]
[-52, -52, -52]
[-52, -52, -52]
[-52, -52, -52]
[-52, -52, -52]
[-52, -52, -52]
[-52, -52, -52]
[-52, -52, -52]
[-52, -52, -52]
[-52, -52, -52]
[-52, -52, -52]
[-52, -52, -52]
[-52, -52, -52]
[-52, -52, -52]
[-52, -52, -52]
[-52, -52, -52]
[-52, -52, -52]
[-52, -52, -52]
[-52, -52, -52]
[-52, -52, -52]
[-52, -52, -52]
[-52, -52, -52]
[-52, -52, -52]
[-52, -52, -52]
[-52, -52, -52]
[-52, -52, -52]
[-52, -52, -52]
[-52, -52, -52]
[-52, -52, -52]
[-52, -52, -52]
[-52, -52, -52]
[-52, -52, -52]
[-52, -52, -52]
[-52, -52, -52]
[-52, -52, -52]
[-52, -52, -52]
[-52, -52, -52]
[-52, -52, -52]
[-52, -52, -52]
[-52, -52, -52]
[-52, -52, -52]
[-52, -52, -52]
[-52, -52, -52]
[-52, -52, -52]
[-52, -52, -52]
[-52, -52, -52]
[-52, -52, -52]
[-52, -52, -52]
[-52, -52, -52]
[-52, -52, -52]
[-52, -52, -52]
[-52, -52, -52]
[-52, -52, -52]
[-52, -52, -52]
[-52, -52, -52]
[-52, -52, -52]
[-52, -52, -52]
[-52, -52, -52]
[-52, -52, -52]
[-52, -52, -52]
[-52, -52, -52]
[-52, -52, -52]
[-52, -52, -52]
[-52, -52, -52]
[-52, -52, -52]
[-52, -52, -52]
[-52, -52, -52]
[-52, -52, -52]
[-52, -52, -52]
[-52, -52, -52]
[-52, -52, -52]
[-52, -52, -52]
[-52, -52, -52]
[-52, -52, -52]
[-52, -52, -52]
[-52, -52, -52]
[-52, -52, -52]
[-52, -52, -52]
[-52, -52, -52]
[-52, -52, -52]
[-52, -52, -52]
[-52, -52, -52]
[-52, -52, -52]
[-52, -52, -52]
[-52, -52, -52]
[-52, -52, -52]
[-52, -52, -52]
[-52, -52, -52]
[-52, -52, -52]
[-52, -52, -52]
[-52, -52, -52]
[-52, -52, -52]
[-52, -52, -52]
[-52, -52, -52]
[-52, -52, -52]
[-52, -52, -52]
[-52, -52, -52]
[-52, -52, -52]
[-52, -52, -52]
[-52, -52, -52]
[-52, -52, -52]
[-52, -52, -52]
[-52, -52, -52]
[-52, -52, -52]
[-52, -52, -52]
[-52, -52, -52]
[-52, -52, -52]
[-52, -52, -52]
[-52, -52, -52]
[-52, -52, -52]
[-52, -52, -52]
[-52, -52, -52]
[-52, -52, -52]
[-52, -52, -52]
[-52, -52, -52]
[-52, -52, -52]
[-52, -52, -52]
[-52, -52, -52]
[-52, -52, -52]
[-52, -52, -52]
[-52, -52, -52]
[-52, -52, -52]
[-52, -52, -52]
[-52, -52, -52]
[-52, -52, -52]
[-52, -52, -52]
[-52, -52, -52]
[-52, -52, -52]
[-52, -52, -52]
[-52, -52, -52]
[-52, -52, -52]
[-52, -52, -52]
[-52, -52, -52]
[-52, -52, -52]
[-52, -52, -52]
[-52, -52, -52]
[-52, -52, -52]
[-52, -52, -52]
[-52, -52, -52]
[-52, -52, -52]
[-52, -52, -52]
[-52, -52, -52]
[-52, -52, -52]
[-52, -52, -52]
[-52, -52, -52]
[-52, -52, -52]
[-52, -52, -52]
[-52, -52, -52]
[-52, -52, -52]
[-52, -52, -52]
[-52, -52, -52]
[-52, -52, -52]
[-52, -52, -52]
[-52, -52, -52]
[-52, -52, -52]
[-52, -52, -52]
[-52, -52, -52]
[-52, -52, -52]
[-52, -52, -52]
[-52, -52, -52]
[-52, -52, -52]
[-52, -52, -52]
[-52, -52, -52]
[-52, -52, -52]
[-52, -52, -52]
[-52, -52, -52]
[-52, -52, -52]
[-52, -52, -52]
[-52, -52, -52]
[-52, -52, -52]
[-52, -52, -52]
[-52, -52, -52]
[-52, -52, -52]
[-52, -52, -52]
[-52, -52, -52]
[-52, -52, -52]
[-52, -52, -52]
[-52, -52, -52]
[-52, -52, -52]
[-52, -52, -52]
[-52, -52, -52]
[-52, -52, -52]
[-52, -52, -52]
[-52, -52, -52]
[-52, -52, -52]
[-52, -52, -52]
[-52, -52, -52]
[-52, -52, -52]
[-52, -52, -52]
[-52, -52, -52]
[-52, -52, -52]
[-52, -52, -52]
[-52, -52, -52]
[-52, -52, -52]
[-52, -52, -52]
[-52, -52, -52]
[-52, -52, -52]
[-52, -52, -52]
[-52, -52, -52]
[-52, -52, -52]
[-52, -52, -52]
[-52, -52, -52]
[-52, -52, -52]
[-52, -52, -52]
[-52, -52, -52]
[-52, -52, -52]
[-52, -52, -52]
[-52, -52, -52]
[-52, -52, -52]
[-52, -52, -52]
[-52, -52, -52]
[-52, -52, -52]
[-52, -52, -52]
[-52, -52, -52]
[-52, -52, -52]
[-52, -52, -52]
[-52, -52, -52]
[-52, -52, -52]
[-52, -52, -52]
[-52, -52, -52]
[-52, -52, -52]
[-52, -52, -52]
[-52, -52, -52]
[-52, -52, -52]
[-52, -52, -52]
[-52, -52, -52]
[-52, -52, -52]
[-52, -52, -52]
[-52, -52, -52]
[-52, -52, -52]
[-52, -52, -52]
[-52, -52, -52]
[-52, -52, -52]
[-52, -52, -52]
[-52, -52, -52]
[-52, -52, -52]
[-52, -52, -52]
[-52, -52, -52]
[-52, -52, -52]
[-52, -52, -52]
[-52, -52, -52]
[-52, -52, -52]
[-52, -52, -52]
[-52, -52, -52]
[-52, -52, -52]
[-52, -52, -52]
[-52, -52, -52]
[-52, -52, -52]
[-52, -52, -52]
[-52, -52, -52]
[-52, -52, -52]
[-52, -52, -52]
[-52, -52, -52]
[-52, -52, -52]
[-52, -52, -52]
[-52, -52, -52]
[-52, -52, -52]
[-52, -52, -52]
[-52, -52, -52]
[-52, -52, -52]
[-52, -52, -52]
[-52, -52, -52]
[-52, -52, -52]
[-52, -52, -52]
[-52, -52, -52]
[-52, -52, -52]
[-52, -52, -52]
[-52, -52, -52]
[-52, -52, -52]
[-52, -52, -52]
[-52, -52, -52]
[-52, -52, -52]
[-52, -52, -52]
[-52, -52, -52]
[-52, -52, -52]
[-52, -52, -52]
[-52, -52, -52]
[-52, -52, -52]
[-52, -52, -52]
[-52, -52, -52]
[-52, -52, -52]
[-52, -52, -52]
[-52, -52, -52]
[-52, -52, -52]
[-52, -52, -52]
[-52, -52, -52]
[-52, -52, -52]
[-52, -52, -52]
[-52, -52, -52]
[-52, -52, -52]
[-52, -52, -52]
[-52, -52, -52]
[-52, -52, -52]
[-52, -52, -52]
[-52, -52, -52]
[-52, -52, -52]
[-52, -52, -52]
[-52, -52, -52]
[-52, -52, -52]
[-52, -52, -52]
[-52, -52, -52]
[-52, -52, -52]
[-52, -52, -52]
[-52, -52, -52]
[-52, -52, -52]
[-52, -52, -52]
[-52, -52, -52]
[-52, -52, -52]
[-52, -52, -52]
[-52, -52, -52]
[-52, -52, -52]
[-52, -52, -52]
[-52, -52, -52]
[-52, -52, -52]
[-52, -52, -52]
[-52, -52, -52]
[-52, -52, -52]
[-52, -52, -52]
[-52, -52, -52]
[-52, -52, -52]
[-52, -52, -52]
[-52, -52, -52]
[-52, -52, -52]
[-52, -52, -52]
[-52, -52, -52]
[-52, -52, -52]
[-52, -52, -52]
[-52, -52, -52]
[-52, -52, -52]
[-52, -52, -52]
[-52, -52, -52]
[-52, -52, -52]
[-52, -52, -52]
[-52, -52, -52]
[-52, -52, -52]
[-52, -52, -52]
[-52, -52, -52]
[-52, -52, -52]
[-52, -52, -52]
[-52, -52, -52]
[-52, -52, -52]
[-52, -52, -52]
[-52, -52, -52]
[-52, -52, -52]
[-52, -52, -52]
[-52, -52, -52]
[-52, -52, -52]
[-52, -52, -52]
[-52, -52, -52]
[-52, -52, -52]
[-52, -52, -52]
[-52, -52, -52]
[-52, -52, -52]
[-52, -52, -52]
[-52, -52, -52]
[-52, -52, -52]
[-52, -52, -52]
[-52, -52, -52]
[-52, -52, -52]
[-52, -52, -52]
[-52, -52, -52]
[-52, -52, -52]
[-52, -52, -52]
[-52, -52, -52]
[-52, -52, -52]
[-52, -52, -52]
[-52, -52, -52]
[-52, -52, -52]
[-52, -52, -52]
[-52, -52, -52]
[-52, -52, -52]
[-52, -52, -52]
[-52, -52, -52]
[-52, -52, -52]
[-52, -52, -52]
[-52, -52, -52]
[-52, -52, -52]
[-52, -52, -52]
[-52, -52, -52]
[-52, -52, -52]
[-52, -52, -52]
[-52, -52, -52]
[-52, -52, -52]
[-52, -52, -52]
[-52, -52, -52]
[-52, -52, -52]
[-52, -52, -52]
[-52, -52, -52]
[-52, -52, -52]
[-52, -52, -52]
[-52, -52, -52]
[-52, -52, -52]
[-52, -52, -52]
[-52, -52, -52]
[-52, -52, -52]
[-52, -52, -52]
[-52, -52, -52]
[-52, -52, -52]
[-52, -52, -52]
[-52, -52, -52]
[-52, -52, -52]
[-52, -52, -52]
[-52, -52, -52]
[-52, -52, -52]
[-52, -52, -52]
[-52, -52, -52]
[-52, -52, -52]
[-52, -52, -52]
[-52, -52, -52]
[-52, -52, -52]
[-52, -52, -52]
[-52, -52, -52]
[-52, -52, -52]
[-52, -52, -52]
[-52, -52, -52]
[-52, -52, -52]
[-52, -52, -52]
[-52, -52, -52]
[-52, -52, -52]
[-52, -52, -52]
[-52, -52, -52]
[-52, -52, -52]
[-52, -52, -52]
[-52, -52, -52]
[-52, -52, -52]
[-52, -52, -52]
[-52, -52, -52]
[-52, -52, -52]
[-52, -52, -52]
[-52, -52, -52]
[-52, -52, -52]
[-52, -52, -52]
[-52, -52, -52]
[-52, -52, -52]
[-52, -52, -52]
[-52, -52, -52]
[-52, -52, -52]
[-52, -52, -52]
[-52, -52, -52]
[-52, -52, -52]
[-52, -52, -52]
[-52, -52, -52]
[-52, -52, -52]
[-52, -52, -52]
[-52, -52, -52]
[-52, -52, -52]
[-52, -52, -52]
[-52, -52, -52]
[-52, -52, -52]
[-52, -52, -52]
[-52, -52, -52]
[-52, -52, -52]
[-52, -52, -52]
[-52, -52, -52]
[-52, -52, -52]
[-52, -52, -52]
[-52, -52, -52]
[-52, -52, -52]
[-52, -52, -52]
[-52, -52, -52]
[-52, -52, -52]
[-52, -52, -52]
[-52, -52, -52]
[-52, -52, -52]
[-52, -52, -52]
[-52, -52, -52]
[-52, -52, -52]
[-52, -52, -52]
[-52, -52, -52]
[-52, -52, -52]
[-52, -52, -52]
[-52, -52, -52]
[-52, -52, -52]
[-52, -52, -52]
[-52, -52, -52]
[-52, -52, -52]
[-52, -52, -52]
[-52, -52, -52]
[-52, -52, -52]
[-52, -52, -52]
[-52, -52, -52]
[-52, -52, -52]
[-52, -52, -52]
[-52, -52, -52]
[-52, -52, -52]
[-52, -52, -52]
[-52, -52, -52]
[-52, -52, -52]
[-52, -52, -52]
[-52, -52, -52]
[-52, -52, -52]
[-52, -52, -52]
[-52, -52, -52]
[-52, -52, -52]
[-52, -52, -52]
[-52, -52, -52]
[-52, -52, -52]
[-52, -52, -52]
[-52, -52, -52]
[-52, -52, -52]
[-52, -52, -52]
[-52, -52, -52]
[-52, -52, -52]
[-52, -52, -52]
[-52, -52, -52]
[-52, -52, -52]
[-52, -52, -52]
[-52, -52, -52]
[-52, -52, -52]
[-52, -52, -52]
[-52, -52, -52]
[-52, -52, -52]
[-52, -52, -52]
[-52, -52, -52]
[-52, -52, -52]
[-52, -52, -52]
[-52, -52, -52]
[-52, -52, -52]
[-52, -52, -52]
[-52, -52, -52]
[-52, -52, -52]
[-52, -52, -52]
[-52, -52, -52]
[-52, -52, -52]
[-52, -52, -52]
[-52, -52, -52]
[-52, -52, -52]
[-52, -52, -52]
[-52, -52, -52]
[-52, -52, -52]
[-52, -52, -52]
[-52, -52, -52]
[-52, -52, -52]
[-52, -52, -52]
[-52, -52, -52]
[-52, -52, -52]
[-52, -52, -52]
[-52, -52, -52]
[-52, -52, -52]
[-52, -52, -52]
[-52, -52, -52]
[-52, -52, -52]
[-52, -52, -52]
[-52, -52, -52]
[-52, -52, -52]
[-52, -52, -52]
[-52, -52, -52]
[-52, -52, -52]
[-52, -52, -52]
[-52, -52, -52]
[-52, -52, -52]
[-52, -52, -52]
[-52, -52, -52]
[-52, -52, -52]
[-52, -52, -52]
[-52, -52, -52]
[-52, -52, -52]
[-52, -52, -52]
[-52, -52, -52]
[-52, -52, -52]
[-52, -52, -52]
[-52, -52, -52]
[-52, -52, -52]
[-52, -52, -52]
[-52, -52, -52]
[-52, -52, -52]
[-52, -52, -52]
[-52, -52, -52]
[-52, -52, -52]
[-52, -52, -52]
[-52, -52, -52]
[-52, -52, -52]
[-52, -52, -52]
[-52, -52, -52]
[-52, -52, -52]
[-52, -52, -52]
[-52, -52, -52]
[-52, -52, -52]
[-52, -52, -52]
[-52, -52, -52]
[-52, -52, -52]
[-52, -52, -52]
[-52, -52, -52]
[-52, -52, -52]
[-52, -52, -52]
[-52, -52, -52]
[-52, -52, -52]
[-52, -52, -52]
[-52, -52, -52]
[-52, -52, -52]
[-52, -52, -52]
[-52, -52, -52]
[-52, -52, -52]
[-52, -52, -52]
[-52, -52, -52]
[-52, -52, -52]
[-119, 13, 0]
[-119, 13, 0]
[-119, 13, 0]
[-119, 13, 0]
[-119, 13, 0]
[-119, 13, 0]
[-119, 13, 0]
[-119, 13, 0]
[-119, 13, 0]
[-119, 13, 0]
[-119, 13, 0]
[-119, 13, 0]
[-119, 13, 0]
[-119, 13, 0]
[-119, 13, 0]
[-119, 13, 0]
[-119, 13, 0]
[-119, 13, 0]
[-119, 13, 0]
[-119, 13, 0]
[-119, 13, 0]
[-119, 13, 0]
[-119, 13, 0]
[-119, 13, 0]
[-119, 13, 0]
[-119, 13, 0]
[-119, 13, 0]
[-119, 13, 0]
[-119, 13, 0]
[-119, 13, 0]
[-119, 13, 0]
[-119, 13, 0]
[-119, 13, 0]
[-119, 13, 0]
[-119, 13, 0]
[-119, 13, 0]
[-119, 13, 0]
[-119, 13, 0]
[-119, 13, 0]
[-119, 13, 0]
[-119, 13, 0]
[-119, 13, 0]
[-119, 13, 0]
[-119, 13, 0]
[-119, 13, 0]
[-119, 13, 0]
[-119, 13, 0]
[-119, 13, 0]
[-119, 13, 0]
[-119, 13, 0]
[-119, 13, 0]
[-119, 13, 0]
[-119, 13, 0]
[-119, 13, 0]
[-119, 13, 0]
[-119, 13, 0]
[-119, 13, 0]
[-119, 13, 0]
[-119, 13, 0]
[-119, 13, 0]
[-119, 13, 0]
[-119, 13, 0]
[-119, 13, 0]
[-119, 13, 0]
[-119, 13, 0]
[-119, 13, 0]
[-119, 13, 0]
[-119, 13, 0]
[-119, 13, 0]
[-119, 13, 0]
[-20, 15, 0]
[0, 117, 4]
[0, 117, 4]
[0, 117, 4]
[0, 117, 4]
[0, 117, 4]
[0, 117, 4]
[0, 117, 4]
[-2, -1, -57]
[-4, 0, 0]
[-4, 0, 0]
[-4, 0, 0]
[-4, 0, 0]
[-4, 0, 0]
[-4, 0, 0]
[-4, 0, 0]
[-4, 0, 0]
[-4, 0, 0]
[-4, 0, 0]
[-4, 0, 0]
[-4, 0, 0]
[-4, 0, 0]
[-4, 0, 0]
[-4, 0, 0]
[-4, 0, 0]
[-4, 0, 0]
[-4, 0, 0]
[-4, 0, 0]
[-4, 0, 0]
[-4, 0, 0]
[-4, 0, 0]
[-4, 0, 0]
[-4, 0, 0]
[-4, 0, 0]
[0, -57, 69]
[0, -57, 69]
[0, -57, 69]
[0, -57, 69]
[0, -57, 69]
[0, -57, 69]
[0, -57, 69]
[0, -57, 69]
[0, -57, 69]
[0, -57, 69]
[0, -57, 69]
[0, -57, 69]
[0, -57, 69]
[0, -57, 69]
[0, -57, 69]
[0, -57, 69]
[0, -57, 69]
[0, -57, 69]
[0, -57, 69]
[0, -57, 69]
[0, -57, 69]
[0, -57, 69]
[0, -57, 69]
[0, -57, 69]
[0, -57, 69]
[0, -57, 69]
[0, -57, 69]
[0, -57, 69]
[0, -57, 69]
[0, -57, 69]
[0, -57, 69]
[0, -57, 69]
[0, -57, 69]
[0, -57, 69]
[0, -57, 69]
[0, -57, 69]
[0, -57, 69]
[0, -57, 69]
[0, -57, 69]
[0, -57, 69]
[0, -57, 69]
[0, -57, 69]
[0, -57, 69]
[0, -57, 69]
[0, -57, 69]
[0, -57, 69]
[0, -57, 69]
[0, -57, 69]
[0, -57, 69]
[0, -57, 69]
[0, -57, 69]
[0, -57, 69]
[0, -57, 69]
[0, -57, 69]
[0, -57, 69]
[0, -57, 69]
[0, -57, 69]
[0, -57, 69]
[0, -57, 69]
[0, -57, 69]
[0, -57, 69]
[0, -57, 69]
[0, -57, 69]
[0, -57, 69]
[0, -57, 69]
[0, -57, 69]
[0, -57, 69]
[0, -57, 69]
[0, -57, 69]
[0, -57, 69]
[0, -57, 69]
[0, -57, 69]
[0, -57, 69]
[0, -57, 69]
[0, -57, 69]
[0, -57, 69]
[0, -57, 69]
[-117, -57, 95]
[-117, -57, 95]
[-117, -57, 95]
[-117, -57, 95]
[-117, -57, 95]
[-117, -57, 95]
[-117, -57, 95]
[-117, -57, 95]
[-117, -57, 95]
[-117, -57, 95]
